  2.000000000000000E-003  2.000000000000000E-003 -0.625737210633971     
  2.000000000000000E-003  0.298270416666667      -0.616001124039804     
  2.000000000000000E-003  0.594540833333333      -0.567832707722458     
  2.000000000000000E-003  0.890811250000000      -0.496442276678569     
  2.000000000000000E-003   1.18708166666667      -0.431312345903743     
  2.000000000000000E-003   1.48335208333333      -0.379339995967649     
  2.000000000000000E-003   1.77962250000000      -0.338616089922181     
  2.000000000000000E-003   2.07589291666667      -0.306135008825827     
  2.000000000000000E-003   2.37216333333333      -0.279417644625409     
  2.000000000000000E-003   2.66843375000000      -0.256950047688814     
  2.000000000000000E-003   2.96470416666667      -0.237603036669884     
  2.000000000000000E-003   3.26097458333333      -0.220572195975046     
  2.000000000000000E-003   3.55724500000000      -0.205322062896522     
  2.000000000000000E-003   3.85351541666667      -0.191556252923581     
  2.000000000000000E-003   4.14978583333333      -0.179179506040236     
  2.000000000000000E-003   4.44605625000000      -0.168207891854489     
  2.000000000000000E-003   4.74232666666667      -0.158688924619627     
  2.000000000000000E-003   5.03859708333333      -0.150680436926926     
  2.000000000000000E-003   5.33486750000000      -0.144347235339803     
  2.000000000000000E-003   5.63113791666667      -0.139782815543656     
  2.000000000000000E-003   5.92740833333333      -0.137014772276990     
  2.000000000000000E-003   6.22367875000000      -0.135856754184312     
  2.000000000000000E-003   6.51994916666667      -0.135288976317319     
  2.000000000000000E-003   6.81621958333333      -0.132255670929509     
  2.000000000000000E-003   7.11249000000000      -0.125913607234531     
  0.298270416666667       2.000000000000000E-003 -0.758492432918430     
  0.298270416666667       0.298270416666667      -0.670926569593943     
  0.298270416666667       0.594540833333333      -0.599818251922429     
  0.298270416666667       0.890811250000000      -0.531312295791000     
  0.298270416666667        1.18708166666667      -0.464689370272382     
  0.298270416666667        1.48335208333333      -0.408425461075132     
  0.298270416666667        1.77962250000000      -0.362943177269082     
  0.298270416666667        2.07589291666667      -0.325900822681671     
  0.298270416666667        2.37216333333333      -0.295109406043407     
  0.298270416666667        2.66843375000000      -0.269546298012914     
  0.298270416666667        2.96470416666667      -0.247776000674916     
  0.298270416666667        3.26097458333333      -0.228816272042805     
  0.298270416666667        3.55724500000000      -0.212046090956944     
  0.298270416666667        3.85351541666667      -0.197112373447124     
  0.298270416666667        4.14978583333333      -0.183858619946332     
  0.298270416666667        4.44605625000000      -0.172234885516364     
  0.298270416666667        4.74232666666667      -0.162228330150030     
  0.298270416666667        5.03859708333333      -0.153849707974606     
  0.298270416666667        5.33486750000000      -0.147202226460063     
  0.298270416666667        5.63113791666667      -0.142344131201302     
  0.298270416666667        5.92740833333333      -0.139226008196037     
  0.298270416666667        6.22367875000000      -0.137482062417646     
  0.298270416666667        6.51994916666667      -0.135976840493239     
  0.298270416666667        6.81621958333333      -0.133722246617681     
  0.298270416666667        7.11249000000000      -0.132367088761189     
  0.594540833333333       2.000000000000000E-003 -0.828500249903934     
  0.594540833333333       0.298270416666667      -0.753775284837864     
  0.594540833333333       0.594540833333333      -0.648960883129569     
  0.594540833333333       0.890811250000000      -0.566167130696448     
  0.594540833333333        1.18708166666667      -0.494849856259816     
  0.594540833333333        1.48335208333333      -0.434265184029544     
  0.594540833333333        1.77962250000000      -0.384299060186563     
  0.594540833333333        2.07589291666667      -0.343062872616650     
  0.594540833333333        2.37216333333333      -0.308806426999794     
  0.594540833333333        2.66843375000000      -0.280527380358471     
  0.594540833333333        2.96470416666667      -0.256587734818103     
  0.594540833333333        3.26097458333333      -0.235910031112436     
  0.594540833333333        3.55724500000000      -0.217800762999157     
  0.594540833333333        3.85351541666667      -0.201843348512705     
  0.594540833333333        4.14978583333333      -0.187814394910544     
  0.594540833333333        4.44605625000000      -0.175600373892938     
  0.594540833333333        4.74232666666667      -0.165134798924712     
  0.594540833333333        5.03859708333333      -0.156375212151330     
  0.594540833333333        5.33486750000000      -0.149358502322939     
  0.594540833333333        5.63113791666667      -0.144084415250492     
  0.594540833333333        5.92740833333333      -0.140424348360184     
  0.594540833333333        6.22367875000000      -0.137988445778287     
  0.594540833333333        6.51994916666667      -0.136217477991246     
  0.594540833333333        6.81621958333333      -0.135350611507244     
  0.594540833333333        7.11249000000000      -0.133956864732178     
  0.890811250000000       2.000000000000000E-003 -0.866058869327661     
  0.890811250000000       0.298270416666667      -0.813574111918894     
  0.890811250000000       0.594540833333333      -0.709108909708598     
  0.890811250000000       0.890811250000000      -0.609355018611287     
  0.890811250000000        1.18708166666667      -0.525917399487277     
  0.890811250000000        1.48335208333333      -0.457620206480700     
  0.890811250000000        1.77962250000000      -0.402132653260664     
  0.890811250000000        2.07589291666667      -0.356804005722377     
  0.890811250000000        2.37216333333333      -0.319867262545417     
  0.890811250000000        2.66843375000000      -0.289401598994971     
  0.890811250000000        2.96470416666667      -0.263731341035151     
  0.890811250000000        3.26097458333333      -0.241716071621162     
  0.890811250000000        3.55724500000000      -0.222576877904036     
  0.890811250000000        3.85351541666667      -0.205812535728319     
  0.890811250000000        4.14978583333333      -0.191133150465586     
  0.890811250000000        4.44605625000000      -0.178383175252998     
  0.890811250000000        4.74232666666667      -0.167469967516588     
  0.890811250000000        5.03859708333333      -0.158326903252991     
  0.890811250000000        5.33486750000000      -0.150935448102275     
  0.890811250000000        5.63113791666667      -0.145293256863719     
  0.890811250000000        5.92740833333333      -0.141290754582892     
  0.890811250000000        6.22367875000000      -0.138705314174067     
  0.890811250000000        6.51994916666667      -0.137252091458065     
  0.890811250000000        6.81621958333333      -0.136387523589164     
  0.890811250000000        7.11249000000000      -0.133916360466302     
   1.18708166666667       2.000000000000000E-003 -0.867448095138788     
   1.18708166666667       0.298270416666667      -0.829590028087866     
   1.18708166666667       0.594540833333333      -0.740373869190782     
   1.18708166666667       0.890811250000000      -0.640043026998913     
   1.18708166666667        1.18708166666667      -0.550023973287192     
   1.18708166666667        1.48335208333333      -0.475328334234838     
   1.18708166666667        1.77962250000000      -0.415023328402493     
   1.18708166666667        2.07589291666667      -0.366730308190090     
   1.18708166666667        2.37216333333333      -0.327875817393142     
   1.18708166666667        2.66843375000000      -0.295884250783393     
   1.18708166666667        2.96470416666667      -0.269081737358467     
   1.18708166666667        3.26097458333333      -0.246256325058350     
   1.18708166666667        3.55724500000000      -0.226502557672115     
   1.18708166666667        3.85351541666667      -0.209196651967041     
   1.18708166666667        4.14978583333333      -0.193987436588726     
   1.18708166666667        4.44605625000000      -0.180724837635356     
   1.18708166666667        4.74232666666667      -0.169344514693265     
   1.18708166666667        5.03859708333333      -0.159792802853699     
   1.18708166666667        5.33486750000000      -0.152030761440120     
   1.18708166666667        5.63113791666667      -0.146064945982341     
   1.18708166666667        5.92740833333333      -0.141811810772648     
   1.18708166666667        6.22367875000000      -0.139068853940856     
   1.18708166666667        6.51994916666667      -0.137405821807851     
   1.18708166666667        6.81621958333333      -0.135819320235217     
   1.18708166666667        7.11249000000000      -0.132580281084939     
   1.48335208333333       2.000000000000000E-003 -0.837195723974471     
   1.48335208333333       0.298270416666667      -0.809005478960399     
   1.48335208333333       0.594540833333333      -0.736365011477461     
   1.48335208333333       0.890811250000000      -0.646474257055878     
   1.48335208333333        1.18708166666667      -0.558812635294197     
   1.48335208333333        1.48335208333333      -0.482947621503168     
   1.48335208333333        1.77962250000000      -0.421230959690327     
   1.48335208333333        2.07589291666667      -0.372252392928494     
   1.48335208333333        2.37216333333333      -0.332548583366500     
   1.48335208333333        2.66843375000000      -0.299889264149324     
   1.48335208333333        2.96470416666667      -0.272706195897015     
   1.48335208333333        3.26097458333333      -0.249713928118122     
   1.48335208333333        3.55724500000000      -0.229836843719536     
   1.48335208333333        3.85351541666667      -0.212266796675959     
   1.48335208333333        4.14978583333333      -0.196596000584116     
   1.48335208333333        4.44605625000000      -0.182769309293734     
   1.48335208333333        4.74232666666667      -0.170854963905806     
   1.48335208333333        5.03859708333333      -0.160846477384871     
   1.48335208333333        5.33486750000000      -0.152685962518080     
   1.48335208333333        5.63113791666667      -0.146350750875650     
   1.48335208333333        5.92740833333333      -0.141753634043643     
   1.48335208333333        6.22367875000000      -0.138611239102035     
   1.48335208333333        6.51994916666667      -0.136333223159772     
   1.48335208333333        6.81621958333333      -0.133947807993166     
   1.48335208333333        7.11249000000000      -0.130207557713298     
   1.77962250000000       2.000000000000000E-003 -0.784167019159602     
   1.77962250000000       0.298270416666667      -0.763110488527154     
   1.77962250000000       0.594540833333333      -0.704996390787628     
   1.77962250000000       0.890811250000000      -0.628381822369745     
   1.77962250000000        1.18708166666667      -0.549425769604031     
   1.77962250000000        1.48335208333333      -0.478734186626022     
   1.77962250000000        1.77962250000000      -0.420693814675443     
   1.77962250000000        2.07589291666667      -0.373045513528784     
   1.77962250000000        2.37216333333333      -0.333861200759399     
   1.77962250000000        2.66843375000000      -0.301520224385584     
   1.77962250000000        2.96470416666667      -0.274729403124576     
   1.77962250000000        3.26097458333333      -0.252250850852105     
   1.77962250000000        3.55724500000000      -0.232746989756476     
   1.77962250000000        3.85351541666667      -0.215156434374149     
   1.77962250000000        4.14978583333333      -0.199046228305109     
   1.77962250000000        4.44605625000000      -0.184579994403079     
   1.77962250000000        4.74232666666667      -0.172027196648099     
   1.77962250000000        5.03859708333333      -0.161518916500302     
   1.77962250000000        5.33486750000000      -0.152930857148885     
   1.77962250000000        5.63113791666667      -0.146133563956137     
   1.77962250000000        5.92740833333333      -0.141043146908127     
   1.77962250000000        6.22367875000000      -0.137330758785993     
   1.77962250000000        6.51994916666667      -0.134370745899108     
   1.77962250000000        6.81621958333333      -0.131308527441442     
   1.77962250000000        7.11249000000000      -0.127228506804110     
   2.07589291666667       2.000000000000000E-003 -0.715032244303785     
   2.07589291666667       0.298270416666667      -0.697982712682587     
   2.07589291666667       0.594540833333333      -0.652930432986242     
   2.07589291666667       0.890811250000000      -0.590588734552751     
   2.07589291666667        1.18708166666667      -0.526105473358556     
   2.07589291666667        1.48335208333333      -0.466328307326938     
   2.07589291666667        1.77962250000000      -0.413853212406352     
   2.07589291666667        2.07589291666667      -0.369280776706563     
   2.07589291666667        2.37216333333333      -0.331882543076783     
   2.07589291666667        2.66843375000000      -0.300740324148700     
   2.07589291666667        2.96470416666667      -0.275116332901806     
   2.07589291666667        3.26097458333333      -0.253940517372693     
   2.07589291666667        3.55724500000000      -0.235432707014463     
   2.07589291666667        3.85351541666667      -0.217975025202998     
   2.07589291666667        4.14978583333333      -0.201281324910762     
   2.07589291666667        4.44605625000000      -0.186056463762197     
   2.07589291666667        4.74232666666667      -0.172850297990723     
   2.07589291666667        5.03859708333333      -0.161801904351475     
   2.07589291666667        5.33486750000000      -0.152808647657215     
   2.07589291666667        5.63113791666667      -0.145560562702293     
   2.07589291666667        5.92740833333333      -0.139852196098374     
   2.07589291666667        6.22367875000000      -0.135425718568540     
   2.07589291666667        6.51994916666667      -0.131807524184586     
   2.07589291666667        6.81621958333333      -0.128187187869716     
   2.07589291666667        7.11249000000000      -0.123931525531873     
   2.37216333333333       2.000000000000000E-003 -0.638359274578551     
   2.37216333333333       0.298270416666667      -0.626668103747688     
   2.37216333333333       0.594540833333333      -0.594552935318122     
   2.37216333333333       0.890811250000000      -0.549127273605024     
   2.37216333333333        1.18708166666667      -0.498087874785375     
   2.37216333333333        1.48335208333333      -0.447515600904947     
   2.37216333333333        1.77962250000000      -0.401430531876164     
   2.37216333333333        2.07589291666667      -0.361205225074858     
   2.37216333333333        2.37216333333333      -0.326664696359575     
   2.37216333333333        2.66843375000000      -0.297558764641246     
   2.37216333333333        2.96470416666667      -0.273780008606416     
   2.37216333333333        3.26097458333333      -0.254765672427424     
   2.37216333333333        3.55724500000000      -0.238036221425623     
   2.37216333333333        3.85351541666667      -0.220736409887169     
   2.37216333333333        4.14978583333333      -0.203117660499664     
   2.37216333333333        4.44605625000000      -0.187049302729770     
   2.37216333333333        4.74232666666667      -0.173291453866072     
   2.37216333333333        5.03859708333333      -0.161785370392326     
   2.37216333333333        5.33486750000000      -0.152347600259708     
   2.37216333333333        5.63113791666667      -0.144705973525038     
   2.37216333333333        5.92740833333333      -0.138500015256868     
   2.37216333333333        6.22367875000000      -0.133457904868313     
   2.37216333333333        6.51994916666667      -0.129153189841716     
   2.37216333333333        6.81621958333333      -0.125037256846093     
   2.37216333333333        7.11249000000000      -0.120603296730488     
   2.66843375000000       2.000000000000000E-003 -0.575412914878157     
   2.66843375000000       0.298270416666667      -0.566811770083685     
   2.66843375000000       0.594540833333333      -0.542588654232318     
   2.66843375000000       0.890811250000000      -0.506989925606663     
   2.66843375000000        1.18708166666667      -0.465426670797474     
   2.66843375000000        1.48335208333333      -0.423172803778658     
   2.66843375000000        1.77962250000000      -0.384115269410789     
   2.66843375000000        2.07589291666667      -0.349317136372254     
   2.66843375000000        2.37216333333333      -0.318850619653285     
   2.66843375000000        2.66843375000000      -0.292572697161316     
   2.66843375000000        2.96470416666667      -0.270814004639729     
   2.66843375000000        3.26097458333333      -0.254416211134518     
   2.66843375000000        3.55724500000000      -0.240456244419376     
   2.66843375000000        3.85351541666667      -0.223010720148973     
   2.66843375000000        4.14978583333333      -0.204106501890652     
   2.66843375000000        4.44605625000000      -0.187510080147348     
   2.66843375000000        4.74232666666667      -0.173445554613097     
   2.66843375000000        5.03859708333333      -0.161531622467954     
   2.66843375000000        5.33486750000000      -0.151626933192392     
   2.66843375000000        5.63113791666667      -0.143547416174948     
   2.66843375000000        5.92740833333333      -0.136930393226283     
   2.66843375000000        6.22367875000000      -0.131470253943977     
   2.66843375000000        6.51994916666667      -0.126782546341928     
   2.66843375000000        6.81621958333333      -0.122396018311781     
   2.66843375000000        7.11249000000000      -0.117891881035609     
   2.96470416666667       2.000000000000000E-003 -0.516399048725764     
   2.96470416666667       0.298270416666667      -0.509697933683586     
   2.96470416666667       0.594540833333333      -0.490671626284447     
   2.96470416666667       0.890811250000000      -0.462333395191771     
   2.96470416666667        1.18708166666667      -0.428860348618088     
   2.96470416666667        1.48335208333333      -0.394814097685393     
   2.96470416666667        1.77962250000000      -0.363117066843655     
   2.96470416666667        2.07589291666667      -0.334644546921915     
   2.96470416666667        2.37216333333333      -0.309510537051417     
   2.96470416666667        2.66843375000000      -0.287187048727208     
   2.96470416666667        2.96470416666667      -0.267287031468011     
   2.96470416666667        3.26097458333333      -0.252124646780332     
   2.96470416666667        3.55724500000000      -0.241588550259005     
   2.96470416666667        3.85351541666667      -0.223435795151619     
   2.96470416666667        4.14978583333333      -0.204078000440619     
   2.96470416666667        4.44605625000000      -0.187895169064960     
   2.96470416666667        4.74232666666667      -0.173535637929456     
   2.96470416666667        5.03859708333333      -0.161012208442492     
   2.96470416666667        5.33486750000000      -0.150536161662505     
   2.96470416666667        5.63113791666667      -0.141990386866770     
   2.96470416666667        5.92740833333333      -0.135014556256406     
   2.96470416666667        6.22367875000000      -0.129255801879486     
   2.96470416666667        6.51994916666667      -0.124338971171594     
   2.96470416666667        6.81621958333333      -0.119823565470844     
   2.96470416666667        7.11249000000000      -0.115319850931334     
   3.26097458333333       2.000000000000000E-003 -0.458841164030906     
   3.26097458333333       0.298270416666667      -0.453634773995241     
   3.26097458333333       0.594540833333333      -0.438873824109964     
   3.26097458333333       0.890811250000000      -0.416856578550025     
   3.26097458333333        1.18708166666667      -0.390850860076427     
   3.26097458333333        1.48335208333333      -0.364554520244737     
   3.26097458333333        1.77962250000000      -0.340093520631086     
   3.26097458333333        2.07589291666667      -0.318097449405463     
   3.26097458333333        2.37216333333333      -0.298878321793249     
   3.26097458333333        2.66843375000000      -0.281968524520544     
   3.26097458333333        2.96470416666667      -0.265678772262162     
   3.26097458333333        3.26097458333333      -0.248445475585716     
   3.26097458333333        3.55724500000000      -0.237508567046364     
   3.26097458333333        3.85351541666667      -0.220867113728609     
   3.26097458333333        4.14978583333333      -0.204746100424549     
   3.26097458333333        4.44605625000000      -0.188575699966771     
   3.26097458333333        4.74232666666667      -0.173126218687628     
   3.26097458333333        5.03859708333333      -0.159750756631365     
   3.26097458333333        5.33486750000000      -0.148745566417148     
   3.26097458333333        5.63113791666667      -0.139860543093928     
   3.26097458333333        5.92740833333333      -0.132635110172757     
   3.26097458333333        6.22367875000000      -0.126698833896090     
   3.26097458333333        6.51994916666667      -0.121665551984179     
   3.26097458333333        6.81621958333333      -0.117109896011057     
   3.26097458333333        7.11249000000000      -0.112656676082338     
   3.55724500000000       2.000000000000000E-003 -0.405387925529610     
   3.55724500000000       0.298270416666667      -0.401467040365935     
   3.55724500000000       0.594540833333333      -0.390404145691642     
   3.55724500000000       0.890811250000000      -0.373930467157149     
   3.55724500000000        1.18708166666667      -0.354491699939788     
   3.55724500000000        1.48335208333333      -0.334900253214811     
   3.55724500000000        1.77962250000000      -0.316514295037133     
   3.55724500000000        2.07589291666667      -0.299917385146449     
   3.55724500000000        2.37216333333333      -0.285367054504947     
   3.55724500000000        2.66843375000000      -0.272636320520539     
   3.55724500000000        2.96470416666667      -0.260505373204076     
   3.55724500000000        3.26097458333333      -0.245543571519363     
   3.55724500000000        3.55724500000000      -0.226300587437538     
   3.55724500000000        3.85351541666667      -0.216500681648499     
   3.55724500000000        4.14978583333333      -0.202681460946056     
   3.55724500000000        4.44605625000000      -0.185870759061839     
   3.55724500000000        4.74232666666667      -0.170127687466703     
   3.55724500000000        5.03859708333333      -0.156754548311092     
   3.55724500000000        5.33486750000000      -0.145812043469878     
   3.55724500000000        5.63113791666667      -0.136971060845873     
   3.55724500000000        5.92740833333333      -0.129748494548407     
   3.55724500000000        6.22367875000000      -0.123802884680751     
   3.55724500000000        6.51994916666667      -0.118773216859674     
   3.55724500000000        6.81621958333333      -0.114258411825509     
   3.55724500000000        7.11249000000000      -0.109903106869176     
   3.85351541666667       2.000000000000000E-003 -0.359210777565725     
   3.85351541666667       0.298270416666667      -0.356368052543936     
   3.85351541666667       0.594540833333333      -0.348336559218098     
   3.85351541666667       0.890811250000000      -0.336326809583709     
   3.85351541666667        1.18708166666667      -0.322054637307285     
   3.85351541666667        1.48335208333333      -0.307487998786570     
   3.85351541666667        1.77962250000000      -0.293566389545955     
   3.85351541666667        2.07589291666667      -0.280505282387813     
   3.85351541666667        2.37216333333333      -0.268329194388870     
   3.85351541666667        2.66843375000000      -0.256332644671760     
   3.85351541666667        2.96470416666667      -0.243471756208836     
   3.85351541666667        3.26097458333333      -0.231867525324927     
   3.85351541666667        3.55724500000000      -0.220787238822042     
   3.85351541666667        3.85351541666667      -0.200264681020266     
   3.85351541666667        4.14978583333333      -0.187862515513367     
   3.85351541666667        4.44605625000000      -0.175818358786432     
   3.85351541666667        4.74232666666667      -0.163198080867175     
   3.85351541666667        5.03859708333333      -0.151579644824497     
   3.85351541666667        5.33486750000000      -0.141628965634157     
   3.85351541666667        5.63113791666667      -0.133347631549001     
   3.85351541666667        5.92740833333333      -0.126444474609843     
   3.85351541666667        6.22367875000000      -0.120687304792653     
   3.85351541666667        6.51994916666667      -0.115790580055510     
   3.85351541666667        6.81621958333333      -0.111396543512818     
   3.85351541666667        7.11249000000000      -0.107182889865203     
   4.14978583333333       2.000000000000000E-003 -0.321682234016643     
   4.14978583333333       0.298270416666667      -0.319627831926504     
   4.14978583333333       0.594540833333333      -0.313778400773211     
   4.14978583333333       0.890811250000000      -0.304926360670414     
   4.14978583333333        1.18708166666667      -0.294215372152128     
   4.14978583333333        1.48335208333333      -0.282964491261137     
   4.14978583333333        1.77962250000000      -0.271820125462703     
   4.14978583333333        2.07589291666667      -0.260849664710642     
   4.14978583333333        2.37216333333333      -0.249968168670119     
   4.14978583333333        2.66843375000000      -0.238805843406447     
   4.14978583333333        2.96470416666667      -0.227940379341257     
   4.14978583333333        3.26097458333333      -0.220426910621210     
   4.14978583333333        3.55724500000000      -0.210647528059176     
   4.14978583333333        3.85351541666667      -0.190002694252132     
   4.14978583333333        4.14978583333333      -0.174556021623884     
   4.14978583333333        4.44605625000000      -0.164262981817511     
   4.14978583333333        4.74232666666667      -0.154567478849211     
   4.14978583333333        5.03859708333333      -0.145177615583918     
   4.14978583333333        5.33486750000000      -0.136674236222711     
   4.14978583333333        5.63113791666667      -0.129292954374424     
   4.14978583333333        5.92740833333333      -0.122946722972912     
   4.14978583333333        6.22367875000000      -0.117548326677981     
   4.14978583333333        6.51994916666667      -0.112902429875715     
   4.14978583333333        6.81621958333333      -0.108701886667758     
   4.14978583333333        7.11249000000000      -0.104666114773666     
   4.44605625000000       2.000000000000000E-003 -0.291904474884644     
   4.44605625000000       0.298270416666667      -0.290330634618196     
   4.44605625000000       0.594540833333333      -0.285812674544652     
   4.44605625000000       0.890811250000000      -0.278886620591847     
   4.44605625000000        1.18708166666667      -0.270329490222038     
   4.44605625000000        1.48335208333333      -0.261014731985751     
   4.44605625000000        1.77962250000000      -0.251540318704335     
   4.44605625000000        2.07589291666667      -0.241930918842059     
   4.44605625000000        2.37216333333333      -0.232281626811048     
   4.44605625000000        2.66843375000000      -0.222793321580042     
   4.44605625000000        2.96470416666667      -0.214243805379848     
   4.44605625000000        3.26097458333333      -0.207000336551849     
   4.44605625000000        3.55724500000000      -0.196799261921885     
   4.44605625000000        3.85351541666667      -0.180954720041935     
   4.44605625000000        4.14978583333333      -0.166306793538138     
   4.44605625000000        4.44605625000000      -0.155649971669804     
   4.44605625000000        4.74232666666667      -0.146903923660788     
   4.44605625000000        5.03859708333333      -0.138938355820292     
   4.44605625000000        5.33486750000000      -0.131689780247756     
   4.44605625000000        5.63113791666667      -0.125231402376468     
   4.44605625000000        5.92740833333333      -0.119524360116125     
   4.44605625000000        6.22367875000000      -0.114592335916679     
   4.44605625000000        6.51994916666667      -0.110285256881819     
   4.44605625000000        6.81621958333333      -0.106335723353951     
   4.44605625000000        7.11249000000000      -0.102504062858864     
   4.74232666666667       2.000000000000000E-003 -0.267883820015846     
   4.74232666666667       0.298270416666667      -0.266542366525797     
   4.74232666666667       0.594540833333333      -0.262684849309604     
   4.74232666666667       0.890811250000000      -0.256755539050296     
   4.74232666666667        1.18708166666667      -0.249369041301244     
   4.74232666666667        1.48335208333333      -0.241181324545476     
   4.74232666666667        1.77962250000000      -0.232739612220065     
   4.74232666666667        2.07589291666667      -0.224202724040632     
   4.74232666666667        2.37216333333333      -0.215742988648309     
   4.74232666666667        2.66843375000000      -0.207640165919465     
   4.74232666666667        2.96470416666667      -0.200131155307859     
   4.74232666666667        3.26097458333333      -0.192633709152213     
   4.74232666666667        3.55724500000000      -0.183126642455888     
   4.74232666666667        3.85351541666667      -0.171006723891257     
   4.74232666666667        4.14978583333333      -0.158924765718995     
   4.74232666666667        4.44605625000000      -0.148889120017986     
   4.74232666666667        4.74232666666667      -0.140643186360133     
   4.74232666666667        5.03859708333333      -0.133501458568078     
   4.74232666666667        5.33486750000000      -0.127154493494551     
   4.74232666666667        5.63113791666667      -0.121455304741032     
   4.74232666666667        5.92740833333333      -0.116384286642373     
   4.74232666666667        6.22367875000000      -0.111972070252049     
   4.74232666666667        6.51994916666667      -0.108061847552556     
   4.74232666666667        6.81621958333333      -0.104409159587615     
   4.74232666666667        7.11249000000000      -0.100805032096047     
   5.03859708333333       2.000000000000000E-003 -0.248188848401464     
   5.03859708333333       0.298270416666667      -0.246871959395537     
   5.03859708333333       0.594540833333333      -0.243156456122197     
   5.03859708333333       0.890811250000000      -0.237573633168745     
   5.03859708333333        1.18708166666667      -0.230756690812933     
   5.03859708333333        1.48335208333333      -0.223279861070672     
   5.03859708333333        1.77962250000000      -0.215599646455522     
   5.03859708333333        2.07589291666667      -0.207999080822210     
   5.03859708333333        2.37216333333333      -0.200575267553591     
   5.03859708333333        2.66843375000000      -0.193468084383199     
   5.03859708333333        2.96470416666667      -0.186594156590134     
   5.03859708333333        3.26097458333333      -0.179399053206850     
   5.03859708333333        3.55724500000000      -0.171017330109638     
   5.03859708333333        3.85351541666667      -0.161369646929400     
   5.03859708333333        4.14978583333333      -0.151585869305752     
   5.03859708333333        4.44605625000000      -0.142795750948075     
   5.03859708333333        4.74232666666667      -0.135281666159624     
   5.03859708333333        5.03859708333333      -0.128823877544487     
   5.03859708333333        5.33486750000000      -0.123147580788344     
   5.03859708333333        5.63113791666667      -0.118069698788394     
   5.03859708333333        5.92740833333333      -0.113623615046600     
   5.03859708333333        6.22367875000000      -0.109755698767710     
   5.03859708333333        6.51994916666667      -0.106293055670686     
   5.03859708333333        6.81621958333333      -0.103023986982578     
   5.03859708333333        7.11249000000000      -9.970088101563952E-002
   5.33486750000000       2.000000000000000E-003 -0.232382272433228     
   5.33486750000000       0.298270416666667      -0.230943497343379     
   5.33486750000000       0.594540833333333      -0.226943246013697     
   5.33486750000000       0.890811250000000      -0.221206490262040     
   5.33486750000000        1.18708166666667      -0.214538748888627     
   5.33486750000000        1.48335208333333      -0.207526670563085     
   5.33486750000000        1.77962250000000      -0.200511243941213     
   5.33486750000000        2.07589291666667      -0.193686285523514     
   5.33486750000000        2.37216333333333      -0.187127211462971     
   5.33486750000000        2.66843375000000      -0.180798500688863     
   5.33486750000000        2.96470416666667      -0.174526851713598     
   5.33486750000000        3.26097458333333      -0.167932502188600     
   5.33486750000000        3.55724500000000      -0.160632960713655     
   5.33486750000000        3.85351541666667      -0.152672713245702     
   5.33486750000000        4.14978583333333      -0.144612561451692     
   5.33486750000000        4.44605625000000      -0.137098371367723     
   5.33486750000000        4.74232666666667      -0.130448905258592     
   5.33486750000000        5.03859708333333      -0.124646581589738     
   5.33486750000000        5.33486750000000      -0.119535481494970     
   5.33486750000000        5.63113791666667      -0.115077161361154     
   5.33486750000000        5.92740833333333      -0.111241221779383     
   5.33486750000000        6.22367875000000      -0.108012992158270     
   5.33486750000000        6.51994916666667      -0.105235200832185     
   5.33486750000000        6.81621958333333      -0.102579127525267     
   5.33486750000000        7.11249000000000      -9.965083792483374E-002
   5.63113791666667       2.000000000000000E-003 -0.220063357372191     
   5.63113791666667       0.298270416666667      -0.218314304084680     
   5.63113791666667       0.594540833333333      -0.213703394770736     
   5.63113791666667       0.890811250000000      -0.207539640571263     
   5.63113791666667        1.18708166666667      -0.200832732121631     
   5.63113791666667        1.48335208333333      -0.194132158860924     
   5.63113791666667        1.77962250000000      -0.187659281256996     
   5.63113791666667        2.07589291666667      -0.181480984179149     
   5.63113791666667        2.37216333333333      -0.175583694297070     
   5.63113791666667        2.66843375000000      -0.169871031810611     
   5.63113791666667        2.96470416666667      -0.164147916583762     
   5.63113791666667        3.26097458333333      -0.158181449582035     
   5.63113791666667        3.55724500000000      -0.151787409996568     
   5.63113791666667        3.85351541666667      -0.145033146455674     
   5.63113791666667        4.14978583333333      -0.138235822029008     
   5.63113791666667        4.44605625000000      -0.131797800606333     
   5.63113791666667        4.74232666666667      -0.125954230800606     
   5.63113791666667        5.03859708333333      -0.120792177212388     
   5.63113791666667        5.33486750000000      -0.116300446230433     
   5.63113791666667        5.63113791666667      -0.112442408880682     
   5.63113791666667        5.92740833333333      -0.109274671635353     
   5.63113791666667        6.22367875000000      -0.106828885989100     
   5.63113791666667        6.51994916666667      -0.104975644499606     
   5.63113791666667        6.81621958333333      -0.103243543459133     
   5.63113791666667        7.11249000000000      -0.100859351468171     
   5.92740833333333       2.000000000000000E-003 -0.210902557781722     
   5.92740833333333       0.298270416666667      -0.208551929439717     
   5.92740833333333       0.594540833333333      -0.202889414810851     
   5.92740833333333       0.890811250000000      -0.196094646308662     
   5.92740833333333        1.18708166666667      -0.189312275737598     
   5.92740833333333        1.48335208333333      -0.182872243870818     
   5.92740833333333        1.77962250000000      -0.176826418588726     
   5.92740833333333        2.07589291666667      -0.171136129176424     
   5.92740833333333        2.37216333333333      -0.165721417373903     
   5.92740833333333        2.66843375000000      -0.160485063348880     
   5.92740833333333        2.96470416666667      -0.155263055681981     
   5.92740833333333        3.26097458333333      -0.149875604519356     
   5.92740833333333        3.55724500000000      -0.144222509670622     
   5.92740833333333        3.85351541666667      -0.138360931919192     
   5.92740833333333        4.14978583333333      -0.132502484547206     
   5.92740833333333        4.44605625000000      -0.126920137478782     
   5.92740833333333        4.74232666666667      -0.121833322941627     
   5.92740833333333        5.03859708333333      -0.117343877728451     
   5.92740833333333        5.33486750000000      -0.113441059094678     
   5.92740833333333        5.63113791666667      -0.110181972883653     
   5.92740833333333        5.92740833333333      -0.107666101995979     
   5.92740833333333        6.22367875000000      -0.106020015728141     
   5.92740833333333        6.51994916666667      -0.105302493911050     
   5.92740833333333        6.81621958333333      -0.104959653912783     
   5.92740833333333        7.11249000000000      -0.103407733625350     
   6.22367875000000       2.000000000000000E-003 -0.204239104705691     
   6.22367875000000       0.298270416666667      -0.200714293981811     
   6.22367875000000       0.594540833333333      -0.193534826595785     
   6.22367875000000       0.890811250000000      -0.186225280227686     
   6.22367875000000        1.18708166666667      -0.179473532096205     
   6.22367875000000        1.48335208333333      -0.173245863084080     
   6.22367875000000        1.77962250000000      -0.167493221697055     
   6.22367875000000        2.07589291666667      -0.162141933416566     
   6.22367875000000        2.37216333333333      -0.157082839863947     
   6.22367875000000        2.66843375000000      -0.152228266391003     
   6.22367875000000        2.96470416666667      -0.147453938551229     
   6.22367875000000        3.26097458333333      -0.142613707055285     
   6.22367875000000        3.55724500000000      -0.137620678006544     
   6.22367875000000        3.85351541666667      -0.132507727042801     
   6.22367875000000        4.14978583333333      -0.127429402348014     
   6.22367875000000        4.44605625000000      -0.122599914800004     
   6.22367875000000        4.74232666666667      -0.118202720780470     
   6.22367875000000        5.03859708333333      -0.114321037761051     
   6.22367875000000        5.33486750000000      -0.110980671957244     
   6.22367875000000        5.63113791666667      -0.108290463668853     
   6.22367875000000        5.92740833333333      -0.106333211983415     
   6.22367875000000        6.22367875000000      -0.105309152407462     
   6.22367875000000        6.51994916666667      -0.105646278777659     
   6.22367875000000        6.81621958333333      -0.107215048541465     
   6.22367875000000        7.11249000000000      -0.107057567399722     
   6.51994916666667       2.000000000000000E-003 -0.198611668410626     
   6.51994916666667       0.298270416666667      -0.193085192314253     
   6.51994916666667       0.594540833333333      -0.184727113809031     
   6.51994916666667       0.890811250000000      -0.177563761569586     
   6.51994916666667        1.18708166666667      -0.170939905623364     
   6.51994916666667        1.48335208333333      -0.164784288727219     
   6.51994916666667        1.77962250000000      -0.159155409986102     
   6.51994916666667        2.07589291666667      -0.154018709179802     
   6.51994916666667        2.37216333333333      -0.149272487017099     
   6.51994916666667        2.66843375000000      -0.144790066470624     
   6.51994916666667        2.96470416666667      -0.140473077884177     
   6.51994916666667        3.26097458333333      -0.136183264017894     
   6.51994916666667        3.55724500000000      -0.131820040163787     
   6.51994916666667        3.85351541666667      -0.127382179075393     
   6.51994916666667        4.14978583333333      -0.122980713957798     
   6.51994916666667        4.44605625000000      -0.118792291957286     
   6.51994916666667        4.74232666666667      -0.114980602902866     
   6.51994916666667        5.03859708333333      -0.111628999320240     
   6.51994916666667        5.33486750000000      -0.108850413893080     
   6.51994916666667        5.63113791666667      -0.106739051065856     
   6.51994916666667        5.92740833333333      -0.105324156409590     
   6.51994916666667        6.22367875000000      -0.104680478294659     
   6.51994916666667        6.51994916666667      -0.105325443857089     
   6.51994916666667        6.81621958333333      -0.108476346019836     
   6.51994916666667        7.11249000000000      -0.110468813214811     
   6.81621958333333       2.000000000000000E-003 -0.190460584382316     
   6.81621958333333       0.298270416666667      -0.184306197532570     
   6.81621958333333       0.594540833333333      -0.177243460737119     
   6.81621958333333       0.890811250000000      -0.170321951745215     
   6.81621958333333        1.18708166666667      -0.163446687178895     
   6.81621958333333        1.48335208333333      -0.157127611567057     
   6.81621958333333        1.77962250000000      -0.151504633728463     
   6.81621958333333        2.07589291666667      -0.146533810108277     
   6.81621958333333        2.37216333333333      -0.142093641295156     
   6.81621958333333        2.66843375000000      -0.138011350964726     
   6.81621958333333        2.96470416666667      -0.134171073618095     
   6.81621958333333        3.26097458333333      -0.130422036776684     
   6.81621958333333        3.55724500000000      -0.126638509212883     
   6.81621958333333        3.85351541666667      -0.122786134935034     
   6.81621958333333        4.14978583333333      -0.118947025066523     
   6.81621958333333        4.44605625000000      -0.115281264208217     
   6.81621958333333        4.74232666666667      -0.111956670747131     
   6.81621958333333        5.03859708333333      -0.109099158309148     
   6.81621958333333        5.33486750000000      -0.106875027010733     
   6.81621958333333        5.63113791666667      -0.105399509265285     
   6.81621958333333        5.92740833333333      -0.104708083218794     
   6.81621958333333        6.22367875000000      -0.104713830635742     
   6.81621958333333        6.51994916666667      -0.105240278158203     
   6.81621958333333        6.81621958333333      -0.107118146282563     
   6.81621958333333        7.11249000000000      -0.109707070249291     
   7.11249000000000       2.000000000000000E-003 -0.176370151517147     
   7.11249000000000       0.298270416666667      -0.176370054184548     
   7.11249000000000       0.594540833333333      -0.171010537987570     
   7.11249000000000       0.890811250000000      -0.163554317266696     
   7.11249000000000        1.18708166666667      -0.156341172444291     
   7.11249000000000        1.48335208333333      -0.149940457508753     
   7.11249000000000        1.77962250000000      -0.144395548822650     
   7.11249000000000        2.07589291666667      -0.139626269748115     
   7.11249000000000        2.37216333333333      -0.135509904963499     
   7.11249000000000        2.66843375000000      -0.131827052483156     
   7.11249000000000        2.96470416666667      -0.128430790044628     
   7.11249000000000        3.26097458333333      -0.125151972253816     
   7.11249000000000        3.55724500000000      -0.121846051964079     
   7.11249000000000        3.85351541666667      -0.118460199001704     
   7.11249000000000        4.14978583333333      -0.115065341008863     
   7.11249000000000        4.44605625000000      -0.111821852803989     
   7.11249000000000        4.74232666666667      -0.108915879298550     
   7.11249000000000        5.03859708333333      -0.106519060289797     
   7.11249000000000        5.33486750000000      -0.104819011346039     
   7.11249000000000        5.63113791666667      -0.103954646322133     
   7.11249000000000        5.92740833333333      -0.104026803644713     
   7.11249000000000        6.22367875000000      -0.105031598514636     
   7.11249000000000        6.51994916666667      -0.106532656063582     
   7.11249000000000        6.81621958333333      -0.106822951628516     
   7.11249000000000        7.11249000000000      -0.104260282943379     
