  2.000000000000000E-003  2.000000000000000E-003 -0.184603364687362     
  2.000000000000000E-003  0.298270416666667      -0.193563950383962     
  2.000000000000000E-003  0.594540833333333      -0.199496919509053     
  2.000000000000000E-003  0.890811250000000      -0.205200278480851     
  2.000000000000000E-003   1.18708166666667      -0.211531549639082     
  2.000000000000000E-003   1.48335208333333      -0.218580687326992     
  2.000000000000000E-003   1.77962250000000      -0.226300695623637     
  2.000000000000000E-003   2.07589291666667      -0.234401275171832     
  2.000000000000000E-003   2.37216333333333      -0.242370349619938     
  2.000000000000000E-003   2.66843375000000      -0.249522593525596     
  2.000000000000000E-003   2.96470416666667      -0.255340198443406     
  2.000000000000000E-003   3.26097458333333      -0.259191667229620     
  2.000000000000000E-003   3.55724500000000      -0.260539687172926     
  2.000000000000000E-003   3.85351541666667      -0.259174862693832     
  2.000000000000000E-003   4.14978583333333      -0.255308007972425     
  2.000000000000000E-003   4.44605625000000      -0.249477424302499     
  2.000000000000000E-003   4.74232666666667      -0.242315097043089     
  2.000000000000000E-003   5.03859708333333      -0.234339760499652     
  2.000000000000000E-003   5.33486750000000      -0.226235102273863     
  2.000000000000000E-003   5.63113791666667      -0.218511779413873     
  2.000000000000000E-003   5.92740833333333      -0.211459059475982     
  2.000000000000000E-003   6.22367875000000      -0.205121884352315     
  2.000000000000000E-003   6.51994916666667      -0.199392817541740     
  2.000000000000000E-003   6.81621958333333      -0.193382620246352     
  2.000000000000000E-003   7.11249000000000      -0.184393463129576     
  0.298270416666667       2.000000000000000E-003 -0.193563908317029     
  0.298270416666667       0.298270416666667      -0.204783767959543     
  0.298270416666667       0.594540833333333      -0.211688060651586     
  0.298270416666667       0.890811250000000      -0.217749402329658     
  0.298270416666667        1.18708166666667      -0.225144878192756     
  0.298270416666667        1.48335208333333      -0.233940365030339     
  0.298270416666667        1.77962250000000      -0.243816846702689     
  0.298270416666667        2.07589291666667      -0.254284728248373     
  0.298270416666667        2.37216333333333      -0.264557452546054     
  0.298270416666667        2.66843375000000      -0.273785310241298     
  0.298270416666667        2.96470416666667      -0.281297755369169     
  0.298270416666667        3.26097458333333      -0.286270955319421     
  0.298270416666667        3.55724500000000      -0.288011944461206     
  0.298270416666667        3.85351541666667      -0.286251317052927     
  0.298270416666667        4.14978583333333      -0.281259949358338     
  0.298270416666667        4.44605625000000      -0.273731671848411     
  0.298270416666667        4.74232666666667      -0.264490316266194     
  0.298270416666667        5.03859708333333      -0.254206138132301     
  0.298270416666667        5.33486750000000      -0.243725723077856     
  0.298270416666667        5.63113791666667      -0.233830776622139     
  0.298270416666667        5.92740833333333      -0.225004732191377     
  0.298270416666667        6.22367875000000      -0.217556800283333     
  0.298270416666667        6.51994916666667      -0.211408015006857     
  0.298270416666667        6.81621958333333      -0.204430635861284     
  0.298270416666667        7.11249000000000      -0.193382788569114     
  0.594540833333333       2.000000000000000E-003 -0.199496821315522     
  0.594540833333333       0.298270416666667      -0.211687962664836     
  0.594540833333333       0.594540833333333      -0.221319138736034     
  0.594540833333333       0.890811250000000      -0.229759845885923     
  0.594540833333333        1.18708166666667      -0.239477921158730     
  0.594540833333333        1.48335208333333      -0.251020727782003     
  0.594540833333333        1.77962250000000      -0.264044427882757     
  0.594540833333333        2.07589291666667      -0.277884862629771     
  0.594540833333333        2.37216333333333      -0.291504552234389     
  0.594540833333333        2.66843375000000      -0.303820652550849     
  0.594540833333333        2.96470416666667      -0.313894806727356     
  0.594540833333333        3.26097458333333      -0.320573325381340     
  0.594540833333333        3.55724500000000      -0.322913459006452     
  0.594540833333333        3.85351541666667      -0.320551155248961     
  0.594540833333333        4.14978583333333      -0.313852094205319     
  0.594540833333333        4.44605625000000      -0.303759786879907     
  0.594540833333333        4.74232666666667      -0.291427663658008     
  0.594540833333333        5.03859708333333      -0.277793005823281     
  0.594540833333333        5.33486750000000      -0.263934434542777     
  0.594540833333333        5.63113791666667      -0.250883158268625     
  0.594540833333333        5.92740833333333      -0.239296966065342     
  0.594540833333333        6.22367875000000      -0.229516294483353     
  0.594540833333333        6.51994916666667      -0.221013401576406     
  0.594540833333333        6.81621958333333      -0.211408208594488     
  0.594540833333333        7.11249000000000      -0.199393101452744     
  0.890811250000000       2.000000000000000E-003 -0.205200165364374     
  0.890811250000000       0.298270416666667      -0.217749322434013     
  0.890811250000000       0.594540833333333      -0.229759828911187     
  0.890811250000000       0.890811250000000      -0.241697790981327     
  0.890811250000000        1.18708166666667      -0.255088702641670     
  0.890811250000000        1.48335208333333      -0.270604288231101     
  0.890811250000000        1.77962250000000      -0.288078419539206     
  0.890811250000000        2.07589291666667      -0.306734105537245     
  0.890811250000000        2.37216333333333      -0.325145848256754     
  0.890811250000000        2.66843375000000      -0.342098471570171     
  0.890811250000000        2.96470416666667      -0.356086963503889     
  0.890811250000000        3.26097458333333      -0.365397327819852     
  0.890811250000000        3.55724500000000      -0.368666434968422     
  0.890811250000000        3.85351541666667      -0.365372739047597     
  0.890811250000000        4.14978583333333      -0.356039750994087     
  0.890811250000000        4.44605625000000      -0.342031593059791     
  0.890811250000000        4.74232666666667      -0.325061858688908     
  0.890811250000000        5.03859708333333      -0.306634015023376     
  0.890811250000000        5.33486750000000      -0.287960083759225     
  0.890811250000000        5.63113791666667      -0.270459293095652     
  0.890811250000000        5.92740833333333      -0.254906093649585     
  0.890811250000000        6.22367875000000      -0.241473089933767     
  0.890811250000000        6.51994916666667      -0.229516419431494     
  0.890811250000000        6.81621958333333      -0.217557067392534     
  0.890811250000000        7.11249000000000      -0.205122173605460     
   1.18708166666667       2.000000000000000E-003 -0.211531456401770     
   1.18708166666667       0.298270416666667      -0.225144847042531     
   1.18708166666667       0.594540833333333      -0.239477940869360     
   1.18708166666667       0.890811250000000      -0.255088732522861     
   1.18708166666667        1.18708166666667      -0.272958844973585     
   1.18708166666667        1.48335208333333      -0.293674280799271     
   1.18708166666667        1.77962250000000      -0.317135447200989     
   1.18708166666667        2.07589291666667      -0.342369568426039     
   1.18708166666667        2.37216333333333      -0.367768708537902     
   1.18708166666667        2.66843375000000      -0.391668615587723     
   1.18708166666667        2.96470416666667      -0.411656124952490     
   1.18708166666667        3.26097458333333      -0.425073080997661     
   1.18708166666667        3.55724500000000      -0.429806376386095     
   1.18708166666667        3.85351541666667      -0.425045235285765     
   1.18708166666667        4.14978583333333      -0.411603406932559     
   1.18708166666667        4.44605625000000      -0.391595458813264     
   1.18708166666667        4.74232666666667      -0.367678982256737     
   1.18708166666667        5.03859708333333      -0.342265350619904     
   1.18708166666667        5.33486750000000      -0.317016603441395     
   1.18708166666667        5.63113791666667      -0.293536315269096     
   1.18708166666667        5.92740833333333      -0.272796791698986     
   1.18708166666667        6.22367875000000      -0.254906201428042     
   1.18708166666667        6.51994916666667      -0.239297189884401     
   1.18708166666667        6.81621958333333      -0.225005065506300     
   1.18708166666667        7.11249000000000      -0.211459418619296     
   1.48335208333333       2.000000000000000E-003 -0.218580610612330     
   1.48335208333333       0.298270416666667      -0.233940357454100     
   1.48335208333333       0.594540833333333      -0.251020771927353     
   1.48335208333333       0.890811250000000      -0.270604349122850     
   1.48335208333333        1.18708166666667      -0.293674321642014     
   1.48335208333333        1.48335208333333      -0.320884084305348     
   1.48335208333333        1.77962250000000      -0.352110969536038     
   1.48335208333333        2.07589291666667      -0.386218116838504     
   1.48335208333333        2.37216333333333      -0.421710404348710     
   1.48335208333333        2.66843375000000      -0.455978244538029     
   1.48335208333333        2.96470416666667      -0.485257198904466     
   1.48335208333333        3.26097458333333      -0.505321394387850     
   1.48335208333333        3.55724500000000      -0.512464451455594     
   1.48335208333333        3.85351541666667      -0.505287455630721     
   1.48335208333333        4.14978583333333      -0.485194701413297     
   1.48335208333333        4.44605625000000      -0.455895323664754     
   1.48335208333333        4.74232666666667      -0.421613632249240     
   1.48335208333333        5.03859708333333      -0.386110996543651     
   1.48335208333333        5.33486750000000      -0.351994363758658     
   1.48335208333333        5.63113791666667      -0.320757620308027     
   1.48335208333333        5.92740833333333      -0.293536421658541     
   1.48335208333333        6.22367875000000      -0.270459467532541     
   1.48335208333333        6.51994916666667      -0.250883391375897     
   1.48335208333333        6.81621958333333      -0.233831111137710     
   1.48335208333333        7.11249000000000      -0.218512133004570     
   1.77962250000000       2.000000000000000E-003 -0.226300587437538     
   1.77962250000000       0.298270416666667      -0.243816802016403     
   1.77962250000000       0.594540833333333      -0.264044442670469     
   1.77962250000000       0.890811250000000      -0.288078474995580     
   1.77962250000000        1.18708166666667      -0.317135516173070     
   1.77962250000000        1.48335208333333      -0.352111024518147     
   1.77962250000000        1.77962250000000      -0.392985442169994     
   1.77962250000000        2.07589291666667      -0.439233635337655     
   1.77962250000000        2.37216333333333      -0.489076269642514     
   1.77962250000000        2.66843375000000      -0.539059591939808     
   1.77962250000000        2.96470416666667      -0.583489079042384     
   1.77962250000000        3.26097458333333      -0.614912436609396     
   1.77962250000000        3.55724500000000      -0.626348743000750     
   1.77962250000000        3.85351541666667      -0.614867262318411     
   1.77962250000000        4.14978583333333      -0.583409083626706     
   1.77962250000000        4.44605625000000      -0.538959078973024     
   1.77962250000000        4.74232666666667      -0.488967087143946     
   1.77962250000000        5.03859708333333      -0.439121938178727     
   1.77962250000000        5.33486750000000      -0.392871664837969     
   1.77962250000000        5.63113791666667      -0.351994466707387     
   1.77962250000000        5.92740833333333      -0.317016752214248     
   1.77962250000000        6.22367875000000      -0.287960240890332     
   1.77962250000000        6.51994916666667      -0.263934602778378     
   1.77962250000000        6.81621958333333      -0.243725954436238     
   1.77962250000000        7.11249000000000      -0.226235360014343     
   2.07589291666667       2.000000000000000E-003 -0.234401091666583     
   2.07589291666667       0.298270416666667      -0.254284596033693     
   2.07589291666667       0.594540833333333      -0.277884808103747     
   2.07589291666667       0.890811250000000      -0.306734140650746     
   2.07589291666667        1.18708166666667      -0.342369681122266     
   2.07589291666667        1.48335208333333      -0.386218265479722     
   2.07589291666667        1.77962250000000      -0.439233751570301     
   2.07589291666667        2.07589291666667      -0.501493640839031     
   2.07589291666667        2.37216333333333      -0.571649101288383     
   2.07589291666667        2.66843375000000      -0.645702982812240     
   2.07589291666667        2.96470416666667      -0.715244764042232     
   2.07589291666667        3.26097458333333      -0.766928765549631     
   2.07589291666667        3.55724500000000      -0.786309471727898     
   2.07589291666667        3.85351541666667      -0.766863825513201     
   2.07589291666667        4.14978583333333      -0.715135518042332     
   2.07589291666667        4.44605625000000      -0.645575314000050     
   2.07589291666667        4.74232666666667      -0.571521472856307     
   2.07589291666667        5.03859708333333      -0.501373900789433     
   2.07589291666667        5.33486750000000      -0.439122227963286     
   2.07589291666667        5.63113791666667      -0.386111339430250     
   2.07589291666667        5.92740833333333      -0.342265641014638     
   2.07589291666667        6.22367875000000      -0.306634212726375     
   2.07589291666667        6.51994916666667      -0.277793123697597     
   2.07589291666667        6.81621958333333      -0.254206245960859     
   2.07589291666667        7.11249000000000      -0.234339861030730     
   2.37216333333333       2.000000000000000E-003 -0.242370142492713     
   2.37216333333333       0.298270416666667      -0.264557282667671     
   2.37216333333333       0.594540833333333      -0.291504482756270     
   2.37216333333333       0.890811250000000      -0.325145919757716     
   2.37216333333333        1.18708166666667      -0.367768917810234     
   2.37216333333333        1.48335208333333      -0.421710701137791     
   2.37216333333333        1.77962250000000      -0.489076569310192     
   2.37216333333333        2.07589291666667      -0.571649276658291     
   2.37216333333333        2.37216333333333      -0.669833126348360     
   2.37216333333333        2.66843375000000      -0.780361997794513     
   2.37216333333333        2.96470416666667      -0.891857118414844     
   2.37216333333333        3.26097458333333      -0.980427011982393     
   2.37216333333333        3.55724500000000       -1.01504722384932     
   2.37216333333333        3.85351541666667      -0.980327602950921     
   2.37216333333333        4.14978583333333      -0.891701633497121     
   2.37216333333333        4.44605625000000      -0.780197373398891     
   2.37216333333333        4.74232666666667      -0.669684279786011     
   2.37216333333333        5.03859708333333      -0.571522073018490     
   2.37216333333333        5.33486750000000      -0.488967904835855     
   2.37216333333333        5.63113791666667      -0.421614340042748     
   2.37216333333333        5.92740833333333      -0.367679556563968     
   2.37216333333333        6.22367875000000      -0.325062166521160     
   2.37216333333333        6.51994916666667      -0.291427855485537     
   2.37216333333333        6.81621958333333      -0.264490422690557     
   2.37216333333333        7.11249000000000      -0.242315186224420     
   2.66843375000000       2.000000000000000E-003 -0.249522424249562     
   2.66843375000000       0.298270416666667      -0.273785173457861     
   2.66843375000000       0.594540833333333      -0.303820634828135     
   2.66843375000000       0.890811250000000      -0.342098634169200     
   2.66843375000000        1.18708166666667      -0.391668965375131     
   2.66843375000000        1.48335208333333      -0.455978734721102     
   2.66843375000000        1.77962250000000      -0.539060095548715     
   2.66843375000000        2.07589291666667      -0.645703329144790     
   2.66843375000000        2.37216333333333      -0.780362140379503     
   2.66843375000000        2.66843375000000      -0.943376052748942     
   2.66843375000000        2.96470416666667       -1.12111110227214     
   2.66843375000000        3.26097458333333       -1.27278281171439     
   2.66843375000000        3.55724500000000       -1.33519912077223     
   2.66843375000000        3.85351541666667       -1.27262624107438     
   2.66843375000000        4.14978583333333       -1.12089185184943     
   2.66843375000000        4.44605625000000      -0.943172125016975     
   2.66843375000000        4.74232666666667      -0.780198447598174     
   2.66843375000000        5.03859708333333      -0.645576817867880     
   2.66843375000000        5.33486750000000      -0.538960635289786     
   2.66843375000000        5.63113791666667      -0.455896612436403     
   2.66843375000000        5.92740833333333      -0.391596378103590     
   2.66843375000000        6.22367875000000      -0.342032168750997     
   2.66843375000000        6.51994916666667      -0.303760074031589     
   2.66843375000000        6.81621958333333      -0.273731787390186     
   2.66843375000000        7.11249000000000      -0.249477571651139     
   2.96470416666667       2.000000000000000E-003 -0.255340091920990     
   2.96470416666667       0.298270416666667      -0.281297682155822     
   2.96470416666667       0.594540833333333      -0.313894867270423     
   2.96470416666667       0.890811250000000      -0.356087232889292     
   2.96470416666667        1.18708166666667      -0.411656621234416     
   2.96470416666667        1.48335208333333      -0.485257890534327     
   2.96470416666667        1.77962250000000      -0.583489757688812     
   2.96470416666667        2.07589291666667      -0.715245247478513     
   2.96470416666667        2.37216333333333      -0.891857345587172     
   2.96470416666667        2.66843375000000       -1.12111109991895     
   2.96470416666667        2.96470416666667       -1.38579378649601     
   2.96470416666667        3.26097458333333       -1.61750149391275     
   2.96470416666667        3.55724500000000       -1.71379673863037     
   2.96470416666667        3.85351541666667       -1.61727177999732     
   2.96470416666667        4.14978583333333       -1.38551971729577     
   2.96470416666667        4.44605625000000       -1.12089396878623     
   2.96470416666667        4.74232666666667      -0.891704364043385     
   2.96470416666667        5.03859708333333      -0.715138275325031     
   2.96470416666667        5.33486750000000      -0.583411480945775     
   2.96470416666667        5.63113791666667      -0.485196588823933     
   2.96470416666667        5.92740833333333      -0.411604722302997     
   2.96470416666667        6.22367875000000      -0.356040559645069     
   2.96470416666667        6.51994916666667      -0.313852519243946     
   2.96470416666667        6.81621958333333      -0.281260203459483     
   2.96470416666667        7.11249000000000      -0.255308210842698     
   3.26097458333333       2.000000000000000E-003 -0.259191602407604     
   3.26097458333333       0.298270416666667      -0.286270925346331     
   3.26097458333333       0.594540833333333      -0.320573437894277     
   3.26097458333333       0.890811250000000      -0.365397666457811     
   3.26097458333333        1.18708166666667      -0.425073674757149     
   3.26097458333333        1.48335208333333      -0.505322211115912     
   3.26097458333333        1.77962250000000      -0.614913228085712     
   3.26097458333333        2.07589291666667      -0.766929351995301     
   3.26097458333333        2.37216333333333      -0.980427312979566     
   3.26097458333333        2.66843375000000       -1.27278272754247     
   3.26097458333333        2.96470416666667       -1.61750108989760     
   3.26097458333333        3.26097458333333       -1.88526714854709     
   3.26097458333333        3.55724500000000       -1.98455756811479     
   3.26097458333333        3.85351541666667       -1.88503911319660     
   3.26097458333333        4.14978583333333       -1.61727511872556     
   3.26097458333333        4.44605625000000       -1.27263166667393     
   3.26097458333333        4.74232666666667      -0.980332593721723     
   3.26097458333333        5.03859708333333      -0.766867879709910     
   3.26097458333333        5.33486750000000      -0.614870491050979     
   3.26097458333333        5.63113791666667      -0.505289920337752     
   3.26097458333333        5.92740833333333      -0.425046906616093     
   3.26097458333333        6.22367875000000      -0.365373742511116     
   3.26097458333333        6.51994916666667      -0.320551746506385     
   3.26097458333333        6.81621958333333      -0.286251620711462     
   3.26097458333333        7.11249000000000      -0.259175154526083     
   3.55724500000000       2.000000000000000E-003 -0.260539606163968     
   3.55724500000000       0.298270416666667      -0.288011896902562     
   3.55724500000000       0.594540833333333      -0.322913554803844     
   3.55724500000000       0.890811250000000      -0.368666761837980     
   3.55724500000000        1.18708166666667      -0.429806970111549     
   3.55724500000000        1.48335208333333      -0.512465282516926     
   3.55724500000000        1.77962250000000      -0.626349548499773     
   3.55724500000000        2.07589291666667      -0.786310105773361     
   3.55724500000000        2.37216333333333       -1.01504763038572     
   3.55724500000000        2.66843375000000       -1.33519916985789     
   3.55724500000000        2.96470416666667       -1.71379632648485     
   3.55724500000000        3.26097458333333       -1.98455721395898     
   3.55724500000000        3.55724500000000       -2.13271736867343     
   3.55724500000000        3.85351541666667       -1.98456083405495     
   3.55724500000000        4.14978583333333       -1.71380413330576     
   3.55724500000000        4.44605625000000       -1.33520771725822     
   3.55724500000000        4.74232666666667       -1.01505423773762     
   3.55724500000000        5.03859708333333      -0.786314702090002     
   3.55724500000000        5.33486750000000      -0.626352582178378     
   3.55724500000000        5.63113791666667      -0.512467395198687     
   3.55724500000000        5.92740833333333      -0.429808295332813     
   3.55724500000000        6.22367875000000      -0.368667565187012     
   3.55724500000000        6.51994916666667      -0.322914148320663     
   3.55724500000000        6.81621958333333      -0.288012295842754     
   3.55724500000000        7.11249000000000      -0.260539991734142     
   3.85351541666667       2.000000000000000E-003 -0.259174700954288     
   3.85351541666667       0.298270416666667      -0.286251183047823     
   3.85351541666667       0.594540833333333      -0.320551156649591     
   3.85351541666667       0.890811250000000      -0.365372963402650     
   3.85351541666667        1.18708166666667      -0.425045718434862     
   3.85351541666667        1.48335208333333      -0.505288169307731     
   3.85351541666667        1.77962250000000      -0.614867971640585     
   3.85351541666667        2.07589291666667      -0.766864403088298     
   3.85351541666667        2.37216333333333      -0.980328044182944     
   3.85351541666667        2.66843375000000       -1.27262650871967     
   3.85351541666667        2.96470416666667       -1.61727179689940     
   3.85351541666667        3.26097458333333       -1.88503885073716     
   3.85351541666667        3.55724500000000       -1.98456049699428     
   3.85351541666667        3.85351541666667       -1.88527365774742     
   3.85351541666667        4.14978583333333       -1.61751316716827     
   3.85351541666667        4.44605625000000       -1.27279391538420     
   3.85351541666667        4.74232666666667      -0.980435049750120     
   3.85351541666667        5.03859708333333      -0.766934380568205     
   3.85351541666667        5.33486750000000      -0.614916505463510     
   3.85351541666667        5.63113791666667      -0.505324346511209     
   3.85351541666667        5.92740833333333      -0.425075025556859     
   3.85351541666667        6.22367875000000      -0.365398477608839     
   3.85351541666667        6.51994916666667      -0.320573914186048     
   3.85351541666667        6.81621958333333      -0.286271211039758     
   3.85351541666667        7.11249000000000      -0.259191893806074     
   4.14978583333333       2.000000000000000E-003 -0.255307726755094     
   4.14978583333333       0.298270416666667      -0.281259688787346     
   4.14978583333333       0.594540833333333      -0.313851954631583     
   4.14978583333333       0.890811250000000      -0.356039814681169     
   4.14978583333333        1.18708166666667      -0.411603704766478     
   4.14978583333333        1.48335208333333      -0.485195208426306     
   4.14978583333333        1.77962250000000      -0.583409603291570     
   4.14978583333333        2.07589291666667      -0.715135931576096     
   4.14978583333333        2.37216333333333      -0.891701949168422     
   4.14978583333333        2.66843375000000       -1.12089207104021     
   4.14978583333333        2.96470416666667       -1.38551974969230     
   4.14978583333333        3.26097458333333       -1.61727483089597     
   4.14978583333333        3.55724500000000       -1.71380369908217     
   4.14978583333333        3.85351541666667       -1.61751299933391     
   4.14978583333333        4.14978583333333       -1.38580632092292     
   4.14978583333333        4.44605625000000       -1.12112167652890     
   4.14978583333333        4.74232666666667      -0.891864630010935     
   4.14978583333333        5.03859708333333      -0.715250181575044     
   4.14978583333333        5.33486750000000      -0.583492983887134     
   4.14978583333333        5.63113791666667      -0.485259916132788     
   4.14978583333333        5.92740833333333      -0.411657905569143     
   4.14978583333333        6.22367875000000      -0.356087997991869     
   4.14978583333333        6.51994916666667      -0.313895255377496     
   4.14978583333333        6.81621958333333      -0.281297909044776     
   4.14978583333333        7.11249000000000      -0.255340250118047     
   4.44605625000000       2.000000000000000E-003 -0.249477030545440     
   4.44605625000000       0.298270416666667      -0.273731295972361     
   4.44605625000000       0.594540833333333      -0.303759515803393     
   4.44605625000000       0.890811250000000      -0.342031497413934     
   4.44605625000000        1.18708166666667      -0.391595562786993     
   4.44605625000000        1.48335208333333      -0.455895592401263     
   4.44605625000000        1.77962250000000      -0.538959385098623     
   4.44605625000000        2.07589291666667      -0.645575536334848     
   4.44605625000000        2.37216333333333      -0.780197517133674     
   4.44605625000000        2.66843375000000      -0.943172211831936     
   4.44605625000000        2.96470416666667       -1.12089396856517     
   4.44605625000000        3.26097458333333       -1.27263155720296     
   4.44605625000000        3.55724500000000       -1.33520762097147     
   4.44605625000000        3.85351541666667       -1.27279397205004     
   4.44605625000000        4.14978583333333       -1.12112179134056     
   4.44605625000000        4.44605625000000      -0.943384505058475     
   4.44605625000000        4.74232666666667      -0.780368321085232     
   4.44605625000000        5.03859708333333      -0.645707589110381     
   4.44605625000000        5.33486750000000      -0.539062986760002     
   4.44605625000000        5.63113791666667      -0.455980595821895     
   4.44605625000000        5.92740833333333      -0.391670083435475     
   4.44605625000000        6.22367875000000      -0.342099252029755     
   4.44605625000000        6.51994916666667      -0.303820903985719     
   4.44605625000000        6.81621958333333      -0.273785285974121     
   4.44605625000000        7.11249000000000      -0.249522541484845     
   4.74232666666667       2.000000000000000E-003 -0.242314634644140     
   4.74232666666667       0.298270416666667      -0.264489881327031     
   4.74232666666667       0.594540833333333      -0.291427322367688     
   4.74232666666667       0.890811250000000      -0.325061661574658     
   4.74232666666667        1.18708166666667      -0.367678944867129     
   4.74232666666667        1.48335208333333      -0.421613723014569     
   4.74232666666667        1.77962250000000      -0.488967221228864     
   4.74232666666667        2.07589291666667      -0.571521554773100     
   4.74232666666667        2.37216333333333      -0.669684319650458     
   4.74232666666667        2.66843375000000      -0.780198498022533     
   4.74232666666667        2.96470416666667      -0.891704461882809     
   4.74232666666667        3.26097458333333      -0.980332763888645     
   4.74232666666667        3.55724500000000       -1.01505450637753     
   4.74232666666667        3.85351541666667      -0.980435389860937     
   4.74232666666667        4.14978583333333      -0.891864927019637     
   4.74232666666667        4.44605625000000      -0.780368471476839     
   4.74232666666667        4.74232666666667      -0.669837998085736     
   4.74232666666667        5.03859708333333      -0.571652763185613     
   4.74232666666667        5.33486750000000      -0.489078959034361     
   4.74232666666667        5.63113791666667      -0.421712289267994     
   4.74232666666667        5.92740833333333      -0.367769848865007     
   4.74232666666667        6.22367875000000      -0.325146366647438     
   4.74232666666667        6.51994916666667      -0.291504668035963     
   4.74232666666667        6.81621958333333      -0.264557340460013     
   4.74232666666667        7.11249000000000      -0.242370126562728     
   5.03859708333333       2.000000000000000E-003 -0.234339287208669     
   5.03859708333333       0.298270416666667      -0.254205720512735     
   5.03859708333333       0.594540833333333      -0.277792679889622     
   5.03859708333333       0.890811250000000      -0.306633804014712     
   5.03859708333333        1.18708166666667      -0.342265255648109     
   5.03859708333333        1.48335208333333      -0.386110995928783     
   5.03859708333333        1.77962250000000      -0.439121980431773     
   5.03859708333333        2.07589291666667      -0.501373917694384     
   5.03859708333333        2.37216333333333      -0.571522074519956     
   5.03859708333333        2.66843375000000      -0.645576872846358     
   5.03859708333333        2.96470416666667      -0.715138444896123     
   5.03859708333333        3.26097458333333      -0.766868184977377     
   5.03859708333333        3.55724500000000      -0.786315112240571     
   5.03859708333333        3.85351541666667      -0.766934813649472     
   5.03859708333333        4.14978583333333      -0.715250534799644     
   5.03859708333333        4.44605625000000      -0.645707804740724     
   5.03859708333333        4.74232666666667      -0.571652851923476     
   5.03859708333333        5.03859708333333      -0.501496448755671     
   5.03859708333333        5.33486750000000      -0.439235677898871     
   5.03859708333333        5.63113791666667      -0.386219515069324     
   5.03859708333333        5.92740833333333      -0.342370383734650     
   5.03859708333333        6.22367875000000      -0.306734420770875     
   5.03859708333333        6.51994916666667      -0.277884858228364     
   5.03859708333333        6.81621958333333      -0.254284534428805     
   5.03859708333333        7.11249000000000      -0.234400994511600     
   5.33486750000000       2.000000000000000E-003 -0.226234732234594     
   5.33486750000000       0.298270416666667      -0.243725426451178     
   5.33486750000000       0.594540833333333      -0.263934217971697     
   5.33486750000000       0.890811250000000      -0.287959942926980     
   5.33486750000000        1.18708166666667      -0.317016532393032     
   5.33486750000000        1.48335208333333      -0.351994350703537     
   5.33486750000000        1.77962250000000      -0.392871690089739     
   5.33486750000000        2.07589291666667      -0.439122258196322     
   5.33486750000000        2.37216333333333      -0.488967917621981     
   5.33486750000000        2.66843375000000      -0.538960681642798     
   5.33486750000000        2.96470416666667      -0.583411618127396     
   5.33486750000000        3.26097458333333      -0.614870737241440     
   5.33486750000000        3.55724500000000      -0.626352904485527     
   5.33486750000000        3.85351541666667      -0.614916840043703     
   5.33486750000000        4.14978583333333      -0.583493268711113     
   5.33486750000000        4.44605625000000      -0.539063198422735     
   5.33486750000000        4.74232666666667      -0.489079108050644     
   5.33486750000000        5.03859708333333      -0.439235768054301     
   5.33486750000000        5.33486750000000      -0.392986905747973     
   5.33486750000000        5.63113791666667      -0.352111923686660     
   5.33486750000000        5.92740833333333      -0.317135939986333     
   5.33486750000000        6.22367875000000      -0.288078604142783     
   5.33486750000000        6.51994916666667      -0.264044341101572     
   5.33486750000000        6.81621958333333      -0.243816647324262     
   5.33486750000000        7.11249000000000      -0.226300481892811     
   5.63113791666667       2.000000000000000E-003 -0.218511533706239     
   5.63113791666667       0.298270416666667      -0.233830619161192     
   5.63113791666667       0.594540833333333      -0.250883068959235     
   5.63113791666667       0.890811250000000      -0.270459243854013     
   5.63113791666667        1.18708166666667      -0.293536298742306     
   5.63113791666667        1.48335208333333      -0.320757644076536     
   5.63113791666667        1.77962250000000      -0.351994525290351     
   5.63113791666667        2.07589291666667      -0.386111421561920     
   5.63113791666667        2.37216333333333      -0.421614426424698     
   5.63113791666667        2.66843375000000      -0.455896695248749     
   5.63113791666667        2.96470416666667      -0.485196684363809     
   5.63113791666667        3.26097458333333      -0.505290058717536     
   5.63113791666667        3.55724500000000      -0.512467577477621     
   5.63113791666667        3.85351541666667      -0.505324562192404     
   5.63113791666667        4.14978583333333      -0.485260153128543     
   5.63113791666667        4.44605625000000      -0.455980854461577     
   5.63113791666667        4.74232666666667      -0.421712543260326     
   5.63113791666667        5.03859708333333      -0.386219719266705     
   5.63113791666667        5.33486750000000      -0.352112035174320     
   5.63113791666667        5.63113791666667      -0.320884741081485     
   5.63113791666667        5.92740833333333      -0.293674568421411     
   5.63113791666667        6.22367875000000      -0.270604360869564     
   5.63113791666667        6.51994916666667      -0.251020632533078     
   5.63113791666667        6.81621958333333      -0.233940167709591     
   5.63113791666667        7.11249000000000      -0.218580444724919     
   5.92740833333333       2.000000000000000E-003 -0.211458890331343     
   5.92740833333333       0.298270416666667      -0.225004655588023     
   5.92740833333333       0.594540833333333      -0.239296943736162     
   5.92740833333333       0.890811250000000      -0.254906081911517     
   5.92740833333333        1.18708166666667      -0.272796791513403     
   5.92740833333333        1.48335208333333      -0.293536467643018     
   5.92740833333333        1.77962250000000      -0.317016864526414     
   5.92740833333333        2.07589291666667      -0.342265797625058     
   5.92740833333333        2.37216333333333      -0.367679734691247     
   5.92740833333333        2.66843375000000      -0.391596550453780     
   5.92740833333333        2.96470416666667      -0.411604878422245     
   5.92740833333333        3.26097458333333      -0.425047060336229     
   5.92740833333333        3.55724500000000      -0.429808476257234     
   5.92740833333333        3.85351541666667      -0.425075263785022     
   5.92740833333333        4.14978583333333      -0.411658215466549     
   5.92740833333333        4.44605625000000      -0.391670449832075     
   5.92740833333333        4.74232666666667      -0.367770225172295     
   5.92740833333333        5.03859708333333      -0.342370707789080     
   5.92740833333333        5.33486750000000      -0.317136158141498     
   5.92740833333333        5.63113791666667      -0.293674648829627     
   5.92740833333333        5.92740833333333      -0.272958909407320     
   5.92740833333333        6.22367875000000      -0.255088625956175     
   5.92740833333333        6.51994916666667      -0.239477756818785     
   5.92740833333333        6.81621958333333      -0.225144675323846     
   5.92740833333333        7.11249000000000      -0.211531352425517     
   6.22367875000000       2.000000000000000E-003 -0.205121772845956     
   6.22367875000000       0.298270416666667      -0.217556748823815     
   6.22367875000000       0.594540833333333      -0.229516256942366     
   6.22367875000000       0.890811250000000      -0.241473033217110     
   6.22367875000000        1.18708166666667      -0.254906148166824     
   6.22367875000000        1.48335208333333      -0.270459482308279     
   6.22367875000000        1.77962250000000      -0.287960372763090     
   6.22367875000000        2.07589291666667      -0.306634437045430     
   6.22367875000000        2.37216333333333      -0.325062434010611     
   6.22367875000000        2.66843375000000      -0.342032437441290     
   6.22367875000000        2.96470416666667      -0.356040804109532     
   6.22367875000000        3.26097458333333      -0.365373971238702     
   6.22367875000000        3.55724500000000      -0.368667815839750     
   6.22367875000000        3.85351541666667      -0.365398794058653     
   6.22367875000000        4.14978583333333      -0.356088401770086     
   6.22367875000000        4.44605625000000      -0.342099723911974     
   6.22367875000000        4.74232666666667      -0.325146849846600     
   6.22367875000000        5.03859708333333      -0.306734843882887     
   6.22367875000000        5.33486750000000      -0.288078881845601     
   6.22367875000000        5.63113791666667      -0.270604453817969     
   6.22367875000000        5.92740833333333      -0.255088616674522     
   6.22367875000000        6.22367875000000      -0.241697579309996     
   6.22367875000000        6.51994916666667      -0.229759596426664     
   6.22367875000000        6.81621958333333      -0.217749183839447     
   6.22367875000000        7.11249000000000      -0.205200102013548     
   6.51994916666667       2.000000000000000E-003 -0.199392787935442     
   6.51994916666667       0.298270416666667      -0.211407961823198     
   6.51994916666667       0.594540833333333      -0.221013298736252     
   6.51994916666667       0.890811250000000      -0.229516268256688     
   6.51994916666667        1.18708166666667      -0.239297035122696     
   6.51994916666667        1.48335208333333      -0.250883323561092     
   6.51994916666667        1.77962250000000      -0.263934696758179     
   6.51994916666667        2.07589291666667      -0.277793368421211     
   6.51994916666667        2.37216333333333      -0.291428163772520     
   6.51994916666667        2.66843375000000      -0.303760391666434     
   6.51994916666667        2.96470416666667      -0.313852811402128     
   6.51994916666667        3.26097458333333      -0.320552018071860     
   6.51994916666667        3.55724500000000      -0.322914439549154     
   6.51994916666667        3.85351541666667      -0.320574273988860     
   6.51994916666667        4.14978583333333      -0.313895707697574     
   6.51994916666667        4.44605625000000      -0.303821428105879     
   6.51994916666667        4.74232666666667      -0.291505204827017     
   6.51994916666667        5.03859708333333      -0.277885336097533     
   6.51994916666667        5.33486750000000      -0.264044626043474     
   6.51994916666667        5.63113791666667      -0.251020692951247     
   6.51994916666667        5.92740833333333      -0.239477692537599     
   6.51994916666667        6.22367875000000      -0.229759535711018     
   6.51994916666667        6.51994916666667      -0.221318803334836     
   6.51994916666667        6.81621958333333      -0.211687771332707     
   6.51994916666667        7.11249000000000      -0.199496787949106     
   6.81621958333333       2.000000000000000E-003 -0.193382547281663     
   6.81621958333333       0.298270416666667      -0.204430511903807     
   6.81621958333333       0.594540833333333      -0.211408051867786     
   6.81621958333333       0.890811250000000      -0.217556849611620     
   6.81621958333333        1.18708166666667      -0.225004820845056     
   6.81621958333333        1.48335208333333      -0.233830943988332     
   6.81621958333333        1.77962250000000      -0.243725961813417     
   6.81621958333333        2.07589291666667      -0.254206432683553     
   6.81621958333333        2.37216333333333      -0.264490687831392     
   6.81621958333333        2.66843375000000      -0.273732061074320     
   6.81621958333333        2.96470416666667      -0.281260447418680     
   6.81621958333333        3.26097458333333      -0.286251840286810     
   6.81621958333333        3.55724500000000      -0.288012534454773     
   6.81621958333333        3.85351541666667      -0.286271521519154     
   6.81621958333333        4.14978583333333      -0.281298317864540     
   6.81621958333333        4.44605625000000      -0.273785774521855     
   6.81621958333333        4.74232666666667      -0.264557854500176     
   6.81621958333333        5.03859708333333      -0.254285000863647     
   6.81621958333333        5.33486750000000      -0.243816909341777     
   6.81621958333333        5.63113791666667      -0.233940195918736     
   6.81621958333333        5.92740833333333      -0.225144579002082     
   6.81621958333333        6.22367875000000      -0.217749095208235     
   6.81621958333333        6.51994916666667      -0.211687742132794     
   6.81621958333333        6.81621958333333      -0.204783645204419     
   6.81621958333333        7.11249000000000      -0.193563900893701     
   7.11249000000000       2.000000000000000E-003 -0.184393320768462     
   7.11249000000000       0.298270416666667      -0.193382616864367     
   7.11249000000000       0.594540833333333      -0.199392957005049     
   7.11249000000000       0.890811250000000      -0.205121960139550     
   7.11249000000000        1.18708166666667      -0.211459140075014     
   7.11249000000000        1.48335208333333      -0.218511891228924     
   7.11249000000000        1.77962250000000      -0.226235264352710     
   7.11249000000000        2.07589291666667      -0.234339932783040     
   7.11249000000000        2.37216333333333      -0.242315327999309     
   7.11249000000000        2.66843375000000      -0.249477708631978     
   7.11249000000000        2.96470416666667      -0.255308308229205     
   7.11249000000000        3.26097458333333      -0.259175223367198     
   7.11249000000000        3.55724500000000      -0.260540080914351     
   7.11249000000000        3.85351541666667      -0.259192060697798     
   7.11249000000000        4.14978583333333      -0.255340525084735     
   7.11249000000000        4.44605625000000      -0.249522911195440     
   7.11249000000000        4.74232666666667      -0.242370546083701     
   7.11249000000000        5.03859708333333      -0.234401400866952     
   7.11249000000000        5.33486750000000      -0.226300711662493     
   7.11249000000000        5.63113791666667      -0.218580466109684     
   7.11249000000000        5.92740833333333      -0.211531269213954     
   7.11249000000000        6.22367875000000      -0.205200041451265     
   7.11249000000000        6.51994916666667      -0.199496793709863     
   7.11249000000000        6.81621958333333      -0.193563924394475     
   7.11249000000000        7.11249000000000      -0.184603443982393     
