  2.000000000000000E-003  2.000000000000000E-003 -0.260503362484037     
  2.000000000000000E-003  0.298270416666667      -0.261454270629321     
  2.000000000000000E-003  0.594540833333333      -0.253118730658703     
  2.000000000000000E-003  0.890811250000000      -0.241023096334740     
  2.000000000000000E-003   1.18708166666667      -0.228431709699960     
  2.000000000000000E-003   1.48335208333333      -0.216398419397286     
  2.000000000000000E-003   1.77962250000000      -0.205322162370301     
  2.000000000000000E-003   2.07589291666667      -0.195300529400331     
  2.000000000000000E-003   2.37216333333333      -0.186281626849165     
  2.000000000000000E-003   2.66843375000000      -0.178123692564015     
  2.000000000000000E-003   2.96470416666667      -0.170582653158681     
  2.000000000000000E-003   3.26097458333333      -0.163420755109469     
  2.000000000000000E-003   3.55724500000000      -0.156448046703774     
  2.000000000000000E-003   3.85351541666667      -0.149586047927482     
  2.000000000000000E-003   4.14978583333333      -0.142906213248388     
  2.000000000000000E-003   4.44605625000000      -0.136589856244067     
  2.000000000000000E-003   4.74232666666667      -0.130850212430720     
  2.000000000000000E-003   5.03859708333333      -0.125867610801792     
  2.000000000000000E-003   5.33486750000000      -0.121772807103800     
  2.000000000000000E-003   5.63113791666667      -0.118602883152615     
  2.000000000000000E-003   5.92740833333333      -0.116317262311817     
  2.000000000000000E-003   6.22367875000000      -0.114735807799665     
  2.000000000000000E-003   6.51994916666667      -0.113364224730216     
  2.000000000000000E-003   6.81621958333333      -0.110808603625868     
  2.000000000000000E-003   7.11249000000000      -0.105919255309597     
  0.298270416666667       2.000000000000000E-003 -0.285173085085272     
  0.298270416666667       0.298270416666667      -0.278769189798248     
  0.298270416666667       0.594540833333333      -0.269339623249389     
  0.298270416666667       0.890811250000000      -0.257692699528869     
  0.298270416666667        1.18708166666667      -0.244648983097138     
  0.298270416666667        1.48335208333333      -0.231584362479107     
  0.298270416666667        1.77962250000000      -0.219242211537769     
  0.298270416666667        2.07589291666667      -0.207879587983919     
  0.298270416666667        2.37216333333333      -0.197542011066935     
  0.298270416666667        2.66843375000000      -0.188177484050314     
  0.298270416666667        2.96470416666667      -0.179521912042905     
  0.298270416666667        3.26097458333333      -0.171330660186609     
  0.298270416666667        3.55724500000000      -0.163420499475446     
  0.298270416666667        3.85351541666667      -0.155721033332887     
  0.298270416666667        4.14978583333333      -0.148300534452574     
  0.298270416666667        4.44605625000000      -0.141327985715278     
  0.298270416666667        4.74232666666667      -0.135001884900200     
  0.298270416666667        5.03859708333333      -0.129488852730458     
  0.298270416666667        5.33486750000000      -0.124894101892471     
  0.298270416666667        5.63113791666667      -0.121236405171213     
  0.298270416666667        5.92740833333333      -0.118445531595008     
  0.298270416666667        6.22367875000000      -0.116288009670851     
  0.298270416666667        6.51994916666667      -0.114214298361757     
  0.298270416666667        6.81621958333333      -0.111378457245778     
  0.298270416666667        7.11249000000000      -0.108246871812318     
  0.594540833333333       2.000000000000000E-003 -0.304423726663295     
  0.594540833333333       0.298270416666667      -0.297983695988010     
  0.594540833333333       0.594540833333333      -0.286749462930045     
  0.594540833333333       0.890811250000000      -0.274521348779776     
  0.594540833333333        1.18708166666667      -0.261049412361884     
  0.594540833333333        1.48335208333333      -0.247135740335104     
  0.594540833333333        1.77962250000000      -0.233628923140876     
  0.594540833333333        2.07589291666667      -0.220960193857659     
  0.594540833333333        2.37216333333333      -0.209319822025817     
  0.594540833333333        2.66843375000000      -0.198694593857985     
  0.594540833333333        2.96470416666667      -0.188838602337156     
  0.594540833333333        3.26097458333333      -0.179523111363495     
  0.594540833333333        3.55724500000000      -0.170583312630947     
  0.594540833333333        3.85351541666667      -0.161965206259636     
  0.594540833333333        4.14978583333333      -0.153737098045466     
  0.594540833333333        4.44605625000000      -0.146051710058874     
  0.594540833333333        4.74232666666667      -0.139082868396166     
  0.594540833333333        5.03859708333333      -0.132966082604091     
  0.594540833333333        5.33486750000000      -0.127778370710551     
  0.594540833333333        5.63113791666667      -0.123498846231654     
  0.594540833333333        5.92740833333333      -0.120021943514089     
  0.594540833333333        6.22367875000000      -0.117087137405253     
  0.594540833333333        6.51994916666667      -0.114258066545294     
  0.594540833333333        6.81621958333333      -0.111268891349408     
  0.594540833333333        7.11249000000000      -0.108344435018746     
  0.890811250000000       2.000000000000000E-003 -0.324176124574633     
  0.890811250000000       0.298270416666667      -0.319165696273200     
  0.890811250000000       0.594540833333333      -0.307805843969115     
  0.890811250000000       0.890811250000000      -0.294075236277118     
  0.890811250000000        1.18708166666667      -0.279180442883029     
  0.890811250000000        1.48335208333333      -0.263875243780525     
  0.890811250000000        1.77962250000000      -0.248908415609881     
  0.890811250000000        2.07589291666667      -0.234788182480710     
  0.890811250000000        2.37216333333333      -0.221787093023306     
  0.890811250000000        2.66843375000000      -0.209828085543026     
  0.890811250000000        2.96470416666667      -0.198698925278630     
  0.890811250000000        3.26097458333333      -0.188182504751172     
  0.890811250000000        3.55724500000000      -0.178127285497382     
  0.890811250000000        3.85351541666667      -0.168499501962618     
  0.890811250000000        4.14978583333333      -0.159379135601148     
  0.890811250000000        4.44605625000000      -0.150908175628589     
  0.890811250000000        4.74232666666667      -0.143230608411053     
  0.890811250000000        5.03859708333333      -0.136448732811651     
  0.890811250000000        5.33486750000000      -0.130602977886751     
  0.890811250000000        5.63113791666667      -0.125656735002203     
  0.890811250000000        5.92740833333333      -0.121498485465432     
  0.890811250000000        6.22367875000000      -0.117914331053365     
  0.890811250000000        6.51994916666667      -0.114622491266754     
  0.890811250000000        6.81621958333333      -0.111425776463950     
  0.890811250000000        7.11249000000000      -0.108159905227246     
   1.18708166666667       2.000000000000000E-003 -0.347131183235686     
   1.18708166666667       0.298270416666667      -0.342814352094890     
   1.18708166666667       0.594540833333333      -0.331631115318824     
   1.18708166666667       0.890811250000000      -0.316592471675361     
   1.18708166666667        1.18708166666667      -0.299767763820731     
   1.18708166666667        1.48335208333333      -0.282438358165166     
   1.18708166666667        1.77962250000000      -0.265550677315113     
   1.18708166666667        2.07589291666667      -0.249739877263467     
   1.18708166666667        2.37216333333333      -0.235193826872249     
   1.18708166666667        2.66843375000000      -0.221796014818565     
   1.18708166666667        2.96470416666667      -0.209332722521588     
   1.18708166666667        3.26097458333333      -0.197554376392138     
   1.18708166666667        3.55724500000000      -0.186290566235613     
   1.18708166666667        3.85351541666667      -0.175531783999649     
   1.18708166666667        4.14978583333333      -0.165400859480726     
   1.18708166666667        4.44605625000000      -0.156050151148540     
   1.18708166666667        4.74232666666667      -0.147591113944181     
   1.18708166666667        5.03859708333333      -0.140084671684465     
   1.18708166666667        5.33486750000000      -0.133544598955262     
   1.18708166666667        5.63113791666667      -0.127940142542133     
   1.18708166666667        5.92740833333333      -0.123171965744310     
   1.18708166666667        6.22367875000000      -0.119068186138727     
   1.18708166666667        6.51994916666667      -0.115392397077060     
   1.18708166666667        6.81621958333333      -0.111886650206020     
   1.18708166666667        7.11249000000000      -0.108275179499379     
   1.48335208333333       2.000000000000000E-003 -0.374134097630997     
   1.48335208333333       0.298270416666667      -0.369960050960496     
   1.48335208333333       0.594540833333333      -0.358433836578256     
   1.48335208333333       0.890811250000000      -0.342001175000492     
   1.48335208333333        1.18708166666667      -0.322918552424716     
   1.48335208333333        1.48335208333333      -0.303080306084492     
   1.48335208333333        1.77962250000000      -0.283897200374753     
   1.48335208333333        2.07589291666667      -0.266087456230407     
   1.48335208333333        2.37216333333333      -0.249753653072913     
   1.48335208333333        2.66843375000000      -0.234811318950169     
   1.48335208333333        2.96470416666667      -0.220986507448216     
   1.48335208333333        3.26097458333333      -0.207903174900097     
   1.48335208333333        3.55724500000000      -0.195317178736556     
   1.48335208333333        3.85351541666667      -0.183241516264304     
   1.48335208333333        4.14978583333333      -0.171902216497219     
   1.48335208333333        4.44605625000000      -0.161549972962027     
   1.48335208333333        4.74232666666667      -0.152239998521197     
   1.48335208333333        5.03859708333333      -0.143962325561304     
   1.48335208333333        5.33486750000000      -0.136707714121898     
   1.48335208333333        5.63113791666667      -0.130456681161065     
   1.48335208333333        5.92740833333333      -0.125132257062574     
   1.48335208333333        6.22367875000000      -0.120579764488136     
   1.48335208333333        6.51994916666667      -0.116545198863283     
   1.48335208333333        6.81621958333333      -0.112720975456556     
   1.48335208333333        7.11249000000000      -0.108814801040021     
   1.77962250000000       2.000000000000000E-003 -0.405387925529611     
   1.77962250000000       0.298270416666667      -0.401044708338203     
   1.77962250000000       0.594540833333333      -0.388546587794981     
   1.77962250000000       0.890811250000000      -0.370168991330259     
   1.77962250000000        1.18708166666667      -0.348460447896310     
   1.77962250000000        1.48335208333333      -0.325836803976965     
   1.77962250000000        1.77962250000000      -0.304091843486214     
   1.77962250000000        2.07589291666667      -0.283915070871532     
   1.77962250000000        2.37216333333333      -0.265582623707143     
   1.77962250000000        2.66843375000000      -0.248948633261422     
   1.77962250000000        2.96470416666667      -0.233670869382612     
   1.77962250000000        3.26097458333333      -0.219278938814965     
   1.77962250000000        3.55724500000000      -0.205348897419093     
   1.77962250000000        3.85351541666667      -0.191843028388024     
   1.77962250000000        4.14978583333333      -0.179087162277892     
   1.77962250000000        4.44605625000000      -0.167471072891024     
   1.77962250000000        4.74232666666667      -0.157155084602644     
   1.77962250000000        5.03859708333333      -0.148073982275849     
   1.77962250000000        5.33486750000000      -0.140089772720977     
   1.77962250000000        5.63113791666667      -0.133198924625214     
   1.77962250000000        5.92740833333333      -0.127359274438788     
   1.77962250000000        6.22367875000000      -0.122413624884449     
   1.77962250000000        6.51994916666667      -0.118073652151685     
   1.77962250000000        6.81621958333333      -0.113988224894943     
   1.77962250000000        7.11249000000000      -0.109847699772282     
   2.07589291666667       2.000000000000000E-003 -0.440402691087398     
   2.07589291666667       0.298270416666667      -0.435420673566579     
   2.07589291666667       0.594540833333333      -0.421547620500656     
   2.07589291666667       0.890811250000000      -0.400735604566879     
   2.07589291666667        1.18708166666667      -0.376244194742222     
   2.07589291666667        1.48335208333333      -0.350617183571259     
   2.07589291666667        1.77962250000000      -0.325857715774530     
   2.07589291666667        2.07589291666667      -0.303120452397485     
   2.07589291666667        2.37216333333333      -0.282489643235350     
   2.07589291666667        2.66843375000000      -0.263933887180397     
   2.07589291666667        2.96470416666667      -0.247196454847606     
   2.07589291666667        3.26097458333333      -0.231637855658132     
   2.07589291666667        3.55724500000000      -0.216438560809358     
   2.07589291666667        3.85351541666667      -0.201357746273261     
   2.07589291666667        4.14978583333333      -0.186958168928950     
   2.07589291666667        4.44605625000000      -0.173893486508397     
   2.07589291666667        4.74232666666667      -0.162377150502263     
   2.07589291666667        5.03859708333333      -0.152334758379580     
   2.07589291666667        5.33486750000000      -0.143607790503898     
   2.07589291666667        5.63113791666667      -0.136101237209060     
   2.07589291666667        5.92740833333333      -0.129781875957887     
   2.07589291666667        6.22367875000000      -0.124495145381964     
   2.07589291666667        6.51994916666667      -0.119924034240261     
   2.07589291666667        6.81621958333333      -0.115656122844032     
   2.07589291666667        7.11249000000000      -0.111351855043898     
   2.37216333333333       2.000000000000000E-003 -0.478222186665215     
   2.37216333333333       0.298270416666667      -0.472760865601748     
   2.37216333333333       0.594540833333333      -0.457171100701524     
   2.37216333333333       0.890811250000000      -0.433736735916923     
   2.37216333333333        1.18708166666667      -0.405632001771601     
   2.37216333333333        1.48335208333333      -0.376263215570773     
   2.37216333333333        1.77962250000000      -0.348501695159019     
   2.37216333333333        2.07589291666667      -0.322980362503638     
   2.37216333333333        2.37216333333333      -0.299837199900292     
   2.37216333333333        2.66843375000000      -0.279255954161193     
   2.37216333333333        2.96470416666667      -0.261127658682596     
   2.37216333333333        3.26097458333333      -0.244724702654303     
   2.37216333333333        3.55724500000000      -0.228486303812466     
   2.37216333333333        3.85351541666667      -0.211638138202052     
   2.37216333333333        4.14978583333333      -0.195312401040634     
   2.37216333333333        4.44605625000000      -0.180646464716543     
   2.37216333333333        4.74232666666667      -0.167783233998287     
   2.37216333333333        5.03859708333333      -0.156613630060783     
   2.37216333333333        5.33486750000000      -0.147074831891880     
   2.37216333333333        5.63113791666667      -0.139014754856504     
   2.37216333333333        5.92740833333333      -0.132291985426418     
   2.37216333333333        6.22367875000000      -0.126736686072809     
   2.37216333333333        6.51994916666667      -0.122002212148453     
   2.37216333333333        6.81621958333333      -0.117628633111022     
   2.37216333333333        7.11249000000000      -0.113218486474486     
   2.66843375000000       2.000000000000000E-003 -0.517670253401716     
   2.66843375000000       0.298270416666667      -0.511361699868296     
   2.66843375000000       0.594540833333333      -0.493280818741999     
   2.66843375000000       0.890811250000000      -0.466092092625941     
   2.66843375000000        1.18708166666667      -0.433748417371125     
   2.66843375000000        1.48335208333333      -0.400776274677447     
   2.66843375000000        1.77962250000000      -0.370238382574943     
   2.66843375000000        2.07589291666667      -0.342086081220543     
   2.66843375000000        2.37216333333333      -0.316681175317888     
   2.66843375000000        2.66843375000000      -0.294164895995427     
   2.66843375000000        2.96470416666667      -0.274615242356329     
   2.66843375000000        3.26097458333333      -0.257788911872615     
   2.66843375000000        3.55724500000000      -0.241090993718731     
   2.66843375000000        3.85351541666667      -0.222235469536826     
   2.66843375000000        4.14978583333333      -0.203869987317754     
   2.66843375000000        4.44605625000000      -0.187643210964875     
   2.66843375000000        4.74232666666667      -0.173257785487516     
   2.66843375000000        5.03859708333333      -0.160727992236019     
   2.66843375000000        5.33486750000000      -0.150237383712765     
   2.66843375000000        5.63113791666667      -0.141688761575509     
   2.66843375000000        5.92740833333333      -0.134683519503672     
   2.66843375000000        6.22367875000000      -0.128954045844103     
   2.66843375000000        6.51994916666667      -0.124133985180161     
   2.66843375000000        6.81621958333333      -0.119717468156983     
   2.66843375000000        7.11249000000000      -0.115249420019776     
   2.96470416666667       2.000000000000000E-003 -0.551957759201767     
   2.96470416666667       0.298270416666667      -0.544724407147728     
   2.96470416666667       0.594540833333333      -0.524082988077364     
   2.96470416666667       0.890811250000000      -0.493290415765012     
   2.96470416666667        1.18708166666667      -0.457194559178221     
   2.96470416666667        1.48335208333333      -0.421618437280519     
   2.96470416666667        1.77962250000000      -0.388618864823824     
   2.96470416666667        2.07589291666667      -0.358533346514478     
   2.96470416666667        2.37216333333333      -0.331735817576138     
   2.96470416666667        2.66843375000000      -0.307914214446414     
   2.96470416666667        2.96470416666667      -0.286851441651483     
   2.96470416666667        3.26097458333333      -0.269448072721582     
   2.96470416666667        3.55724500000000      -0.253197306587795     
   2.96470416666667        3.85351541666667      -0.232336118771890     
   2.96470416666667        4.14978583333333      -0.212711827962199     
   2.96470416666667        4.44605625000000      -0.195050564163475     
   2.96470416666667        4.74232666666667      -0.178674553618855     
   2.96470416666667        5.03859708333333      -0.164435772813918     
   2.96470416666667        5.33486750000000      -0.152855585431573     
   2.96470416666667        5.63113791666667      -0.143818898148171     
   2.96470416666667        5.92740833333333      -0.136676875910646     
   2.96470416666667        6.22367875000000      -0.130863436222693     
   2.96470416666667        6.51994916666667      -0.126012837924997     
   2.96470416666667        6.81621958333333      -0.121589965042844     
   2.96470416666667        7.11249000000000      -0.117091237492382     
   3.26097458333333       2.000000000000000E-003 -0.575325077404868     
   3.26097458333333       0.298270416666667      -0.567335676184623     
   3.26097458333333       0.594540833333333      -0.544747328191945     
   3.26097458333333       0.890811250000000      -0.511389447620877     
   3.26097458333333        1.18708166666667      -0.472798945611919     
   3.26097458333333        1.48335208333333      -0.435492242449737     
   3.26097458333333        1.77962250000000      -0.401116279681851     
   3.26097458333333        2.07589291666667      -0.370050700617104     
   3.26097458333333        2.37216333333333      -0.342928355130913     
   3.26097458333333        2.66843375000000      -0.319285266566755     
   3.26097458333333        2.96470416666667      -0.298100589246703     
   3.26097458333333        3.26097458333333      -0.278874962429550     
   3.26097458333333        3.55724500000000      -0.261502755226624     
   3.26097458333333        3.85351541666667      -0.241607406730852     
   3.26097458333333        4.14978583333333      -0.222754064923609     
   3.26097458333333        4.44605625000000      -0.202483367220852     
   3.26097458333333        4.74232666666667      -0.183306269297359     
   3.26097458333333        5.03859708333333      -0.167221484198591     
   3.26097458333333        5.33486750000000      -0.154640882175675     
   3.26097458333333        5.63113791666667      -0.145193359960216     
   3.26097458333333        5.92740833333333      -0.137999280867880     
   3.26097458333333        6.22367875000000      -0.132164496673013     
   3.26097458333333        6.51994916666667      -0.127313511767833     
   3.26097458333333        6.81621958333333      -0.122900799336103     
   3.26097458333333        7.11249000000000      -0.118389453978594     
   3.55724500000000       2.000000000000000E-003 -0.583690029031420     
   3.55724500000000       0.298270416666667      -0.575377018129919     
   3.55724500000000       0.594540833333333      -0.552024410908972     
   3.55724500000000       0.890811250000000      -0.517727345870557     
   3.55724500000000        1.18708166666667      -0.478274137434497     
   3.55724500000000        1.48335208333333      -0.440478421923943     
   3.55724500000000        1.77962250000000      -0.405452923048461     
   3.55724500000000        2.07589291666667      -0.374211741342830     
   3.55724500000000        2.37216333333333      -0.347212440213218     
   3.55724500000000        2.66843375000000      -0.324256416540034     
   3.55724500000000        2.96470416666667      -0.304503105321400     
   3.55724500000000        3.26097458333333      -0.285214168512597     
   3.55724500000000        3.55724500000000      -0.260539606163968     
   3.55724500000000        3.85351541666667      -0.247990473757736     
   3.55724500000000        4.14978583333333      -0.229214742972922     
   3.55724500000000        4.44605625000000      -0.206206052034700     
   3.55724500000000        4.74232666666667      -0.185282672042959     
   3.55724500000000        5.03859708333333      -0.168302750812968     
   3.55724500000000        5.33486750000000      -0.155295900427840     
   3.55724500000000        5.63113791666667      -0.145674250842468     
   3.55724500000000        5.92740833333333      -0.138465221390395     
   3.55724500000000        6.22367875000000      -0.132630362697398     
   3.55724500000000        6.51994916666667      -0.127783566596798     
   3.55724500000000        6.81621958333333      -0.123378290966454     
   3.55724500000000        7.11249000000000      -0.118864710714199     
   3.85351541666667       2.000000000000000E-003 -0.575325995108886     
   3.85351541666667       0.298270416666667      -0.567332446496211     
   3.85351541666667       0.594540833333333      -0.544740545496930     
   3.85351541666667       0.890811250000000      -0.511379820696279     
   3.85351541666667        1.18708166666667      -0.472787161216513     
   3.85351541666667        1.48335208333333      -0.435477996675015     
   3.85351541666667        1.77962250000000      -0.401098493907517     
   3.85351541666667        2.07589291666667      -0.370026851157181     
   3.85351541666667        2.37216333333333      -0.342893092746422     
   3.85351541666667        2.66843375000000      -0.319229259151776     
   3.85351541666667        2.96470416666667      -0.298015677954118     
   3.85351541666667        3.26097458333333      -0.278787774651187     
   3.85351541666667        3.55724500000000      -0.261487322084052     
   3.85351541666667        3.85351541666667      -0.241680614959868     
   3.85351541666667        4.14978583333333      -0.222844243203034     
   3.85351541666667        4.44605625000000      -0.202542986596777     
   3.85351541666667        4.74232666666667      -0.183340801082949     
   3.85351541666667        5.03859708333333      -0.167242553773012     
   3.85351541666667        5.33486750000000      -0.154655855190032     
   3.85351541666667        5.63113791666667      -0.145206238351322     
   3.85351541666667        5.92740833333333      -0.138011948492876     
   3.85351541666667        6.22367875000000      -0.132177379790271     
   3.85351541666667        6.51994916666667      -0.127326608733576     
   3.85351541666667        6.81621958333333      -0.122913821977465     
   3.85351541666667        7.11249000000000      -0.118401941629721     
   4.14978583333333       2.000000000000000E-003 -0.551959330352548     
   4.14978583333333       0.298270416666667      -0.544718369897871     
   4.14978583333333       0.594540833333333      -0.524070273993285     
   4.14978583333333       0.890811250000000      -0.493272556389363     
   4.14978583333333        1.18708166666667      -0.457172890194626     
   4.14978583333333        1.48335208333333      -0.421592872092697     
   4.14978583333333        1.77962250000000      -0.388588112016510     
   4.14978583333333        2.07589291666667      -0.358494581948290     
   4.14978583333333        2.37216333333333      -0.331683830569926     
   4.14978583333333        2.66843375000000      -0.307842742045268     
   4.14978583333333        2.96470416666667      -0.286761620016569     
   4.14978583333333        3.26097458333333      -0.269366846020428     
   4.14978583333333        3.55724500000000      -0.253171315771036     
   4.14978583333333        3.85351541666667      -0.232388397995680     
   4.14978583333333        4.14978583333333      -0.212799617042116     
   4.14978583333333        4.44605625000000      -0.195124944117432     
   4.14978583333333        4.74232666666667      -0.178726147669563     
   4.14978583333333        5.03859708333333      -0.164471605235560     
   4.14978583333333        5.33486750000000      -0.152883321772870     
   4.14978583333333        5.63113791666667      -0.143843767602976     
   4.14978583333333        5.92740833333333      -0.136701512145083     
   4.14978583333333        6.22367875000000      -0.130888478383890     
   4.14978583333333        6.51994916666667      -0.126038258821993     
   4.14978583333333        6.81621958333333      -0.121615182875084     
   4.14978583333333        7.11249000000000      -0.117115349688144     
   4.44605625000000       2.000000000000000E-003 -0.517672294393782     
   4.44605625000000       0.298270416666667      -0.511353412481404     
   4.44605625000000       0.594540833333333      -0.493263563940824     
   4.44605625000000       0.890811250000000      -0.466068071909895     
   4.44605625000000        1.18708166666667      -0.433719748985564     
   4.44605625000000        1.48335208333333      -0.400743805598556     
   4.44605625000000        1.77962250000000      -0.370201201064392     
   4.44605625000000        2.07589291666667      -0.342042870646013     
   4.44605625000000        2.37216333333333      -0.316630141259631     
   4.44605625000000        2.66843375000000      -0.294105738422872     
   4.44605625000000        2.96470416666667      -0.274553932347752     
   4.44605625000000        3.26097458333333      -0.257742011892559     
   4.44605625000000        3.55724500000000      -0.241079964143478     
   4.44605625000000        3.85351541666667      -0.222270580839844     
   4.44605625000000        4.14978583333333      -0.203933992548041     
   4.44605625000000        4.44605625000000      -0.187708943744797     
   4.44605625000000        4.74232666666667      -0.173312744549370     
   4.44605625000000        5.03859708333333      -0.160772243499482     
   4.44605625000000        5.33486750000000      -0.150275172113798     
   4.44605625000000        5.63113791666667      -0.141724283112182     
   4.44605625000000        5.92740833333333      -0.134718897511939     
   4.44605625000000        6.22367875000000      -0.128990018095095     
   4.44605625000000        6.51994916666667      -0.124170447147881     
   4.44605625000000        6.81621958333333      -0.119753524450661     
   4.44605625000000        7.11249000000000      -0.115283708086325     
   4.74232666666667       2.000000000000000E-003 -0.478224333612426     
   4.74232666666667       0.298270416666667      -0.472750637461264     
   4.74232666666667       0.594540833333333      -0.457150351367064     
   4.74232666666667       0.890811250000000      -0.433708490153178     
   4.74232666666667        1.18708166666667      -0.405599132763239     
   4.74232666666667        1.48335208333333      -0.376227587789172     
   4.74232666666667        1.77962250000000      -0.348463439309439     
   4.74232666666667        2.07589291666667      -0.322939554940272     
   4.74232666666667        2.37216333333333      -0.299794693591457     
   4.74232666666667        2.66843375000000      -0.279214419624611     
   4.74232666666667        2.96470416666667      -0.261093041953358     
   4.74232666666667        3.26097458333333      -0.244705977267083     
   4.74232666666667        3.55724500000000      -0.228492078698939     
   4.74232666666667        3.85351541666667      -0.211670985722611     
   4.74232666666667        4.14978583333333      -0.195364378243191     
   4.74232666666667        4.44605625000000      -0.180704403296452     
   4.74232666666667        4.74232666666667      -0.167838203754396     
   4.74232666666667        5.03859708333333      -0.156663254139671     
   4.74232666666667        5.33486750000000      -0.147120644172183     
   4.74232666666667        5.63113791666667      -0.139059228150459     
   4.74232666666667        5.92740833333333      -0.132336595133507     
   4.74232666666667        6.22367875000000      -0.126782148001535     
   4.74232666666667        6.51994916666667      -0.122048291259945     
   4.74232666666667        6.81621958333333      -0.117674060067738     
   4.74232666666667        7.11249000000000      -0.113261312444307     
   5.03859708333333       2.000000000000000E-003 -0.440404621791620     
   5.03859708333333       0.298270416666667      -0.435407877976739     
   5.03859708333333       0.594540833333333      -0.421523016034316     
   5.03859708333333       0.890811250000000      -0.400703692440371     
   5.03859708333333        1.18708166666667      -0.376208772016066     
   5.03859708333333        1.48335208333333      -0.350580752832785     
   5.03859708333333        1.77962250000000      -0.325821433736671     
   5.03859708333333        2.07589291666667      -0.303084862830361     
   5.03859708333333        2.37216333333333      -0.282456546221414     
   5.03859708333333        2.66843375000000      -0.263906537606416     
   5.03859708333333        2.96470416666667      -0.247179465543639     
   5.03859708333333        3.26097458333333      -0.231636130987976     
   5.03859708333333        3.55724500000000      -0.216455425377057     
   5.03859708333333        3.85351541666667      -0.201392929405762     
   5.03859708333333        4.14978583333333      -0.187006907487622     
   5.03859708333333        4.44605625000000      -0.173948691707282     
   5.03859708333333        4.74232666666667      -0.162433028843841     
   5.03859708333333        5.03859708333333      -0.152388759747715     
   5.03859708333333        5.33486750000000      -0.143660068903214     
   5.03859708333333        5.63113791666667      -0.136152918078766     
   5.03859708333333        5.92740833333333      -0.129834042914885     
   5.03859708333333        6.22367875000000      -0.124548508920883     
   5.03859708333333        6.51994916666667      -0.119978368371336     
   5.03859708333333        6.81621958333333      -0.115709697785008     
   5.03859708333333        7.11249000000000      -0.111401667501362     
   5.33486750000000       2.000000000000000E-003 -0.405389456806935     
   5.33486750000000       0.298270416666667      -0.401028178975441     
   5.33486750000000       0.594540833333333      -0.388516704284391     
   5.33486750000000       0.890811250000000      -0.370132321026516     
   5.33486750000000        1.18708166666667      -0.348422478298048     
   5.33486750000000        1.48335208333333      -0.325800621512311     
   5.33486750000000        1.77962250000000      -0.304058453404364     
   5.33486750000000        2.07589291666667      -0.283885217935664     
   5.33486750000000        2.37216333333333      -0.265557694028304     
   5.33486750000000        2.66843375000000      -0.248931341730474     
   5.33486750000000        2.96470416666667      -0.233664556621973     
   5.33486750000000        3.26097458333333      -0.219286588836089     
   5.33486750000000        3.55724500000000      -0.205371940160423     
   5.33486750000000        3.85351541666667      -0.191880538347648     
   5.33486750000000        4.14978583333333      -0.179135745337691     
   5.33486750000000        4.44605625000000      -0.167526162664527     
   5.33486750000000        4.74232666666667      -0.157212631804165     
   5.33486750000000        5.03859708333333      -0.148131686903194     
   5.33486750000000        5.33486750000000      -0.140147084086639     
   5.33486750000000        5.63113791666667      -0.133256045919323     
   5.33486750000000        5.92740833333333      -0.127416881969173     
   5.33486750000000        6.22367875000000      -0.122473002717273     
   5.33486750000000        6.51994916666667      -0.118135063252028     
   5.33486750000000        6.81621958333333      -0.114049206736775     
   5.33486750000000        7.11249000000000      -0.109903277329798     
   5.63113791666667       2.000000000000000E-003 -0.374134797789732     
   5.63113791666667       0.298270416666667      -0.369936797459474     
   5.63113791666667       0.594540833333333      -0.358395558851801     
   5.63113791666667       0.890811250000000      -0.341958319643599     
   5.63113791666667        1.18708166666667      -0.322877968741143     
   5.63113791666667        1.48335208333333      -0.303044809238042     
   5.63113791666667        1.77962250000000      -0.283867364030179     
   5.63113791666667        2.07589291666667      -0.266063158496588     
   5.63113791666667        2.37216333333333      -0.249735675713170     
   5.63113791666667        2.66843375000000      -0.234801460693869     
   5.63113791666667        2.96470416666667      -0.220987094790733     
   5.63113791666667        3.26097458333333      -0.207916265042415     
   5.63113791666667        3.55724500000000      -0.195343614219186     
   5.63113791666667        3.85351541666667      -0.183280413830686     
   5.63113791666667        4.14978583333333      -0.171951147151512     
   5.63113791666667        4.44605625000000      -0.161605578673793     
   5.63113791666667        4.74232666666667      -0.152299340699097     
   5.63113791666667        5.03859708333333      -0.144023249504929     
   5.63113791666667        5.33486750000000      -0.136768862773217     
   5.63113791666667        5.63113791666667      -0.130517320419867     
   5.63113791666667        5.92740833333333      -0.125193180007941     
   5.63113791666667        6.22367875000000      -0.120643066779139     
   5.63113791666667        6.51994916666667      -0.116612542534967     
   5.63113791666667        6.81621958333333      -0.112789542997727     
   5.63113791666667        7.11249000000000      -0.108875822293220     
   5.92740833333333       2.000000000000000E-003 -0.347130823465814     
   5.92740833333333       0.298270416666667      -0.342778863934529     
   5.92740833333333       0.594540833333333      -0.331579138448977     
   5.92740833333333       0.890811250000000      -0.316541551801635     
   5.92740833333333        1.18708166666667      -0.299725336932188     
   5.92740833333333        1.48335208333333      -0.282405286468179     
   5.92740833333333        1.77962250000000      -0.265525739690903     
   5.92740833333333        2.07589291666667      -0.249721887529105     
   5.92740833333333        2.37216333333333      -0.235182594951333     
   5.92740833333333        2.66843375000000      -0.221792632888350     
   5.92740833333333        2.96470416666667      -0.209338847508513     
   5.92740833333333        3.26097458333333      -0.197571506688868     
   5.92740833333333        3.55724500000000      -0.186319415293055     
   5.92740833333333        3.85351541666667      -0.175571842120958     
   5.92740833333333        4.14978583333333      -0.165450450140680     
   5.92740833333333        4.44605625000000      -0.156106879968343     
   5.92740833333333        4.74232666666667      -0.147652458087385     
   5.92740833333333        5.03859708333333      -0.140148392807347     
   5.92740833333333        5.33486750000000      -0.133608676111966     
   5.92740833333333        5.63113791666667      -0.128003140112729     
   5.92740833333333        5.92740833333333      -0.123233960626136     
   5.92740833333333        6.22367875000000      -0.119131945693243     
   5.92740833333333        6.51994916666667      -0.115462915562118     
   5.92740833333333        6.81621958333333      -0.111963360924398     
   5.92740833333333        7.11249000000000      -0.108342342289670     
   6.22367875000000       2.000000000000000E-003 -0.324174635750657     
   6.22367875000000       0.298270416666667      -0.319108753834114     
   6.22367875000000       0.594540833333333      -0.307734041296773     
   6.22367875000000       0.890811250000000      -0.294015947780507     
   6.22367875000000        1.18708166666667      -0.279138820042153     
   6.22367875000000        1.48335208333333      -0.263847812923373     
   6.22367875000000        1.77962250000000      -0.248891046217233     
   6.22367875000000        2.07589291666667      -0.234778267737480     
   6.22367875000000        2.37216333333333      -0.221783674527760     
   6.22367875000000        2.66843375000000      -0.209831699848885     
   6.22367875000000        2.96470416666667      -0.198710793434012     
   6.22367875000000        3.26097458333333      -0.188203889793727     
   6.22367875000000        3.55724500000000      -0.178158929724616     
   6.22367875000000        3.85351541666667      -0.168541255180286     
   6.22367875000000        4.14978583333333      -0.159429888450193     
   6.22367875000000        4.44605625000000      -0.150966121375599     
   6.22367875000000        4.74232666666667      -0.143293674456634     
   6.22367875000000        5.03859708333333      -0.136514877792508     
   6.22367875000000        5.33486750000000      -0.130669917685552     
   6.22367875000000        5.63113791666667      -0.125721897077774     
   6.22367875000000        5.92740833333333      -0.121559877245783     
   6.22367875000000        6.22367875000000      -0.117973404243247     
   6.22367875000000        6.51994916666667      -0.114688991114634     
   6.22367875000000        6.81621958333333      -0.111509320638340     
   6.22367875000000        7.11249000000000      -0.108234759824249     
   6.51994916666667       2.000000000000000E-003 -0.304421334285993     
   6.51994916666667       0.298270416666667      -0.297897438933126     
   6.51994916666667       0.594540833333333      -0.286659139838076     
   6.51994916666667       0.890811250000000      -0.274459761905655     
   6.51994916666667        1.18708166666667      -0.261014571858075     
   6.51994916666667        1.48335208333333      -0.247118578953591     
   6.51994916666667        1.77962250000000      -0.233622486101258     
   6.51994916666667        2.07589291666667      -0.220960683504177     
   6.51994916666667        2.37216333333333      -0.209325877711120     
   6.51994916666667        2.66843375000000      -0.198706427707478     
   6.51994916666667        2.96470416666667      -0.188857146810227     
   6.51994916666667        3.26097458333333      -0.179549469444448     
   6.51994916666667        3.55724500000000      -0.170618272426992     
   6.51994916666667        3.85351541666667      -0.162008918330771     
   6.51994916666667        4.14978583333333      -0.153788954304878     
   6.51994916666667        4.44605625000000      -0.146110489038245     
   6.51994916666667        4.74232666666667      -0.139147095473400     
   6.51994916666667        5.03859708333333      -0.133034311757126     
   6.51994916666667        5.33486750000000      -0.127848461742804     
   6.51994916666667        5.63113791666667      -0.123567476591230     
   6.51994916666667        5.92740833333333      -0.120084444412782     
   6.51994916666667        6.22367875000000      -0.117139758862594     
   6.51994916666667        6.51994916666667      -0.114309495749991     
   6.51994916666667        6.81621958333333      -0.111350807536943     
   6.51994916666667        7.11249000000000      -0.108430697614905     
   6.81621958333333       2.000000000000000E-003 -0.285170922518272     
   6.81621958333333       0.298270416666667      -0.278680369379359     
   6.81621958333333       0.594540833333333      -0.269257696707118     
   6.81621958333333       0.890811250000000      -0.257645423505401     
   6.81621958333333        1.18708166666667      -0.244629973528472     
   6.81621958333333        1.48335208333333      -0.231582420398202     
   6.81621958333333        1.77962250000000      -0.219249712765610     
   6.81621958333333        2.07589291666667      -0.207892550540462     
   6.81621958333333        2.37216333333333      -0.197559044184702     
   6.81621958333333        2.66843375000000      -0.188198793635550     
   6.81621958333333        2.96470416666667      -0.179548226368744     
   6.81621958333333        3.26097458333333      -0.171362871854669     
   6.81621958333333        3.55724500000000      -0.163459388148418     
   6.81621958333333        3.85351541666667      -0.155766988400888     
   6.81621958333333        4.14978583333333      -0.148353408472779     
   6.81621958333333        4.44605625000000      -0.141387147568827     
   6.81621958333333        4.74232666666667      -0.135066533478046     
   6.81621958333333        5.03859708333333      -0.129558349769724     
   6.81621958333333        5.33486750000000      -0.124966959535939     
   6.81621958333333        5.63113791666667      -0.121309761301014     
   6.81621958333333        5.92740833333333      -0.118514444017506     
   6.81621958333333        6.22367875000000      -0.116345285300463     
   6.81621958333333        6.51994916666667      -0.114258669817799     
   6.81621958333333        6.81621958333333      -0.111446000718667     
   6.81621958333333        7.11249000000000      -0.108347279340035     
   7.11249000000000       2.000000000000000E-003 -0.260502556233121     
   7.11249000000000       0.298270416666667      -0.261437326548866     
   7.11249000000000       0.594540833333333      -0.253091921712463     
   7.11249000000000       0.890811250000000      -0.241011693710349     
   7.11249000000000        1.18708166666667      -0.228437236267771     
   7.11249000000000        1.48335208333333      -0.216415079286078     
   7.11249000000000        1.77962250000000      -0.205345045106452     
   7.11249000000000        2.07589291666667      -0.195326819321283     
   7.11249000000000        2.37216333333333      -0.186310336438561     
   7.11249000000000        2.66843375000000      -0.178155214956342     
   7.11249000000000        2.96470416666667      -0.170617511520978     
   7.11249000000000        3.26097458333333      -0.163459587459564     
   7.11249000000000        3.55724500000000      -0.156491522370635     
   7.11249000000000        3.85351541666667      -0.149634680788082     
   7.11249000000000        4.14978583333333      -0.142960201972415     
   7.11249000000000        4.44605625000000      -0.136649077985878     
   7.11249000000000        4.74232666666667      -0.130914424591050     
   7.11249000000000        5.03859708333333      -0.125936779221932     
   7.11249000000000        5.33486750000000      -0.121845970222865     
   7.11249000000000        5.63113791666667      -0.118678022900385     
   7.11249000000000        5.92740833333333      -0.116390700798017     
   7.11249000000000        6.22367875000000      -0.114802533521524     
   7.11249000000000        6.51994916666667      -0.113424497345427     
   7.11249000000000        6.81621958333333      -0.110883971489476     
   7.11249000000000        7.11249000000000      -0.106013897920811     
