  2.000000000000000E-003  2.000000000000000E-003 -0.392701948621412     
  2.000000000000000E-003  0.298270416666667      -0.419657701130455     
  2.000000000000000E-003  0.594540833333333      -0.429159455108025     
  2.000000000000000E-003  0.890811250000000      -0.435168359331766     
  2.000000000000000E-003   1.18708166666667      -0.436263926245193     
  2.000000000000000E-003   1.48335208333333      -0.431293117845717     
  2.000000000000000E-003   1.77962250000000      -0.420694947001720     
  2.000000000000000E-003   2.07589291666667      -0.405704348563954     
  2.000000000000000E-003   2.37216333333333      -0.388102504756999     
  2.000000000000000E-003   2.66843375000000      -0.369618930139172     
  2.000000000000000E-003   2.96470416666667      -0.349087894963582     
  2.000000000000000E-003   3.26097458333333      -0.326837314202890     
  2.000000000000000E-003   3.55724500000000      -0.304092785313107     
  2.000000000000000E-003   3.85351541666667      -0.282091899778962     
  2.000000000000000E-003   4.14978583333333      -0.261665113778375     
  2.000000000000000E-003   4.44605625000000      -0.243165268208560     
  2.000000000000000E-003   4.74232666666667      -0.226698441067048     
  2.000000000000000E-003   5.03859708333333      -0.212422773738005     
  2.000000000000000E-003   5.33486750000000      -0.200527336778000     
  2.000000000000000E-003   5.63113791666667      -0.191046857261039     
  2.000000000000000E-003   5.92740833333333      -0.183872116447632     
  2.000000000000000E-003   6.22367875000000      -0.178558922925431     
  2.000000000000000E-003   6.51994916666667      -0.173919867885247     
  2.000000000000000E-003   6.81621958333333      -0.166975295523599     
  2.000000000000000E-003   7.11249000000000      -0.156294395105856     
  0.298270416666667       2.000000000000000E-003 -0.419657567523017     
  0.298270416666667       0.298270416666667      -0.441298685435632     
  0.298270416666667       0.594540833333333      -0.460446073697460     
  0.298270416666667       0.890811250000000      -0.478577623552125     
  0.298270416666667        1.18708166666667      -0.485641365283011     
  0.298270416666667        1.48335208333333      -0.482001518959278     
  0.298270416666667        1.77962250000000      -0.470014993532747     
  0.298270416666667        2.07589291666667      -0.451551140307568     
  0.298270416666667        2.37216333333333      -0.429934938383480     
  0.298270416666667        2.66843375000000      -0.407258744375227     
  0.298270416666667        2.96470416666667      -0.381880087688089     
  0.298270416666667        3.26097458333333      -0.354477839537108     
  0.298270416666667        3.55724500000000      -0.326845098721963     
  0.298270416666667        3.85351541666667      -0.300616536064699     
  0.298270416666667        4.14978583333333      -0.276721047625823     
  0.298270416666667        4.44605625000000      -0.255412866314807     
  0.298270416666667        4.74232666666667      -0.236641705380418     
  0.298270416666667        5.03859708333333      -0.220427125116824     
  0.298270416666667        5.33486750000000      -0.206889081886064     
  0.298270416666667        5.63113791666667      -0.195974323782583     
  0.298270416666667        5.92740833333333      -0.187457717919231     
  0.298270416666667        6.22367875000000      -0.180722277462028     
  0.298270416666667        6.51994916666667      -0.174568543296992     
  0.298270416666667        6.81621958333333      -0.167791495533348     
  0.298270416666667        7.11249000000000      -0.160900849697812     
  0.594540833333333       2.000000000000000E-003 -0.429159142850382     
  0.594540833333333       0.298270416666667      -0.460445968980527     
  0.594540833333333       0.594540833333333      -0.492535662931706     
  0.594540833333333       0.890811250000000      -0.519566808067100     
  0.594540833333333        1.18708166666667      -0.532503666937093     
  0.594540833333333        1.48335208333333      -0.531302115893984     
  0.594540833333333        1.77962250000000      -0.518917708761533     
  0.594540833333333        2.07589291666667      -0.497787424516096     
  0.594540833333333        2.37216333333333      -0.472567011423559     
  0.594540833333333        2.66843375000000      -0.445565023066502     
  0.594540833333333        2.96470416666667      -0.414865888816219     
  0.594540833333333        3.26097458333333      -0.381886413201261     
  0.594540833333333        3.55724500000000      -0.349102554604284     
  0.594540833333333        3.85351541666667      -0.318518299655388     
  0.594540833333333        4.14978583333333      -0.291081647132607     
  0.594540833333333        4.44605625000000      -0.266884810265868     
  0.594540833333333        4.74232666666667      -0.245698106213251     
  0.594540833333333        5.03859708333333      -0.227389565502446     
  0.594540833333333        5.33486750000000      -0.212003097557716     
  0.594540833333333        5.63113791666667      -0.199411439025980     
  0.594540833333333        5.92740833333333      -0.189268449636982     
  0.594540833333333        6.22367875000000      -0.180937442141092     
  0.594540833333333        6.51994916666667      -0.173711657428679     
  0.594540833333333        6.81621958333333      -0.167442868371568     
  0.594540833333333        7.11249000000000      -0.160988144693672     
  0.890811250000000       2.000000000000000E-003 -0.435167940452851     
  0.890811250000000       0.298270416666667      -0.478577343679470     
  0.890811250000000       0.594540833333333      -0.519566642604449     
  0.890811250000000       0.890811250000000      -0.552291766387581     
  0.890811250000000        1.18708166666667      -0.570531033746412     
  0.890811250000000        1.48335208333333      -0.573226402299129     
  0.890811250000000        1.77962250000000      -0.561588351484987     
  0.890811250000000        2.07589291666667      -0.538652030398135     
  0.890811250000000        2.37216333333333      -0.512203275093051     
  0.890811250000000        2.66843375000000      -0.481376474643688     
  0.890811250000000        2.96470416666667      -0.445578254854977     
  0.890811250000000        3.26097458333333      -0.407278518958376     
  0.890811250000000        3.55724500000000      -0.369646068054259     
  0.890811250000000        3.85351541666667      -0.334982409808947     
  0.890811250000000        4.14978583333333      -0.304201381395015     
  0.890811250000000        4.44605625000000      -0.277216230925168     
  0.890811250000000        4.74232666666667      -0.253643361068279     
  0.890811250000000        5.03859708333333      -0.233258930267211     
  0.890811250000000        5.33486750000000      -0.216037424727467     
  0.890811250000000        5.63113791666667      -0.201850148354343     
  0.890811250000000        5.92740833333333      -0.190293564782670     
  0.890811250000000        6.22367875000000      -0.180812778825522     
  0.890811250000000        6.51994916666667      -0.172902137541657     
  0.890811250000000        6.81621958333333      -0.166089168836149     
  0.890811250000000        7.11249000000000      -0.159211417136939     
   1.18708166666667       2.000000000000000E-003 -0.436263354515572     
   1.18708166666667       0.298270416666667      -0.485640844701438     
   1.18708166666667       0.594540833333333      -0.532503230561289     
   1.18708166666667       0.890811250000000      -0.570530760093183     
   1.18708166666667        1.18708166666667      -0.594316463760825     
   1.18708166666667        1.48335208333333      -0.601458942908011     
   1.18708166666667        1.77962250000000      -0.592019263200786     
   1.18708166666667        2.07589291666667      -0.571185659148541     
   1.18708166666667        2.37216333333333      -0.545465390322634     
   1.18708166666667        2.66843375000000      -0.512246002442246     
   1.18708166666667        2.96470416666667      -0.472624399467322     
   1.18708166666667        3.26097458333333      -0.429994554355597     
   1.18708166666667        3.55724500000000      -0.388160053345850     
   1.18708166666667        3.85351541666667      -0.349808120156965     
   1.18708166666667        4.14978583333333      -0.315910581850086     
   1.18708166666667        4.44605625000000      -0.286252750108542     
   1.18708166666667        4.74232666666667      -0.260360379854863     
   1.18708166666667        5.03859708333333      -0.238001638575384     
   1.18708166666667        5.33486750000000      -0.219121729927565     
   1.18708166666667        5.63113791666667      -0.203579016714751     
   1.18708166666667        5.92740833333333      -0.190915265910866     
   1.18708166666667        6.22367875000000      -0.180527632499164     
   1.18708166666667        6.51994916666667      -0.171843136020603     
   1.18708166666667        6.81621958333333      -0.164269029466955     
   1.18708166666667        7.11249000000000      -0.157074235251023     
   1.48335208333333       2.000000000000000E-003 -0.431292295199405     
   1.48335208333333       0.298270416666667      -0.482000667810209     
   1.48335208333333       0.594540833333333      -0.531301314503137     
   1.48335208333333       0.890811250000000      -0.573225760462219     
   1.48335208333333        1.18708166666667      -0.601458581992161     
   1.48335208333333        1.48335208333333      -0.612416431301559     
   1.48335208333333        1.77962250000000      -0.607291221197290     
   1.48335208333333        2.07589291666667      -0.593920332644630     
   1.48335208333333        2.37216333333333      -0.571288491304684     
   1.48335208333333        2.66843375000000      -0.538814945907892     
   1.48335208333333        2.96470416666667      -0.497973240495888     
   1.48335208333333        3.26097458333333      -0.451688906952710     
   1.48335208333333        3.55724500000000      -0.405816668847467     
   1.48335208333333        3.85351541666667      -0.363658616329855     
   1.48335208333333        4.14978583333333      -0.326552687138135     
   1.48335208333333        4.44605625000000      -0.294081278522014     
   1.48335208333333        4.74232666666667      -0.265816478141062     
   1.48335208333333        5.03859708333333      -0.241575033162115     
   1.48335208333333        5.33486750000000      -0.221286547772218     
   1.48335208333333        5.63113791666667      -0.204675836832720     
   1.48335208333333        5.92740833333333      -0.191169176159031     
   1.48335208333333        6.22367875000000      -0.180038085163418     
   1.48335208333333        6.51994916666667      -0.170627236636439     
   1.48335208333333        6.81621958333333      -0.162410602187382     
   1.48335208333333        7.11249000000000      -0.154953381834980     
   1.77962250000000       2.000000000000000E-003 -0.420693814675441     
   1.77962250000000       0.298270416666667      -0.470013767586004     
   1.77962250000000       0.594540833333333      -0.518916513120416     
   1.77962250000000       0.890811250000000      -0.561587328884636     
   1.77962250000000        1.18708166666667      -0.592018544261247     
   1.77962250000000        1.48335208333333      -0.607290873048635     
   1.77962250000000        1.77962250000000      -0.612317917660773     
   1.77962250000000        2.07589291666667      -0.607453723794177     
   1.77962250000000        2.37216333333333      -0.592259541288419     
   1.77962250000000        2.66843375000000      -0.561888370885931     
   1.77962250000000        2.96470416666667      -0.519140777316789     
   1.77962250000000        3.26097458333333      -0.470190472229467     
   1.77962250000000        3.55724500000000      -0.420836187001929     
   1.77962250000000        3.85351541666667      -0.375493426043681     
   1.77962250000000        4.14978583333333      -0.335361433876095     
   1.77962250000000        4.44605625000000      -0.300351906442862     
   1.77962250000000        4.74232666666667      -0.269891413381181     
   1.77962250000000        5.03859708333333      -0.243880155196310     
   1.77962250000000        5.33486750000000      -0.222460144073880     
   1.77962250000000        5.63113791666667      -0.205118074567968     
   1.77962250000000        5.92740833333333      -0.191033836688100     
   1.77962250000000        6.22367875000000      -0.179343697360511     
   1.77962250000000        6.51994916666667      -0.169356530085837     
   1.77962250000000        6.81621958333333      -0.160650483465154     
   1.77962250000000        7.11249000000000      -0.152966048204237     
   2.07589291666667       2.000000000000000E-003 -0.405702971167357     
   2.07589291666667       0.298270416666667      -0.451549633857812     
   2.07589291666667       0.594540833333333      -0.497785947454208     
   2.07589291666667       0.890811250000000      -0.538650757511432     
   2.07589291666667        1.18708166666667      -0.571184687421316     
   2.07589291666667        1.48335208333333      -0.593919697591796     
   2.07589291666667        1.77962250000000      -0.607453418312372     
   2.07589291666667        2.07589291666667      -0.612746805005261     
   2.07589291666667        2.37216333333333      -0.601851719695995     
   2.07589291666667        2.66843375000000      -0.573638153299846     
   2.07589291666667        2.96470416666667      -0.531649191567213     
   2.07589291666667        3.26097458333333      -0.482242697043409     
   2.07589291666667        3.55724500000000      -0.431474596955220     
   2.07589291666667        3.85351541666667      -0.383838514958293     
   2.07589291666667        4.14978583333333      -0.341155314424560     
   2.07589291666667        4.44605625000000      -0.303856618167138     
   2.07589291666667        4.74232666666667      -0.271732714922729     
   2.07589291666667        5.03859708333333      -0.244644860644651     
   2.07589291666667        5.33486750000000      -0.222572756234733     
   2.07589291666667        5.63113791666667      -0.204883026230039     
   2.07589291666667        5.92740833333333      -0.190493851121256     
   2.07589291666667        6.22367875000000      -0.178432989435688     
   2.07589291666667        6.51994916666667      -0.168035952503913     
   2.07589291666667        6.81621958333333      -0.158986577193468     
   2.07589291666667        7.11249000000000      -0.151129264367078     
   2.37216333333333       2.000000000000000E-003 -0.388101077990668     
   2.37216333333333       0.298270416666667      -0.429933354113898     
   2.37216333333333       0.594540833333333      -0.472565438484456     
   2.37216333333333       0.890811250000000      -0.512201867039322     
   2.37216333333333        1.18708166666667      -0.545464248554613     
   2.37216333333333        1.48335208333333      -0.571287652352788     
   2.37216333333333        1.77962250000000      -0.592258988680797     
   2.37216333333333        2.07589291666667      -0.601851443524936     
   2.37216333333333        2.37216333333333      -0.594744295122714     
   2.37216333333333        2.66843375000000      -0.570979913835794     
   2.37216333333333        2.96470416666667      -0.532896825800284     
   2.37216333333333        3.26097458333333      -0.485961305209049     
   2.37216333333333        3.55724500000000      -0.436470705571544     
   2.37216333333333        3.85351541666667      -0.388266020396832     
   2.37216333333333        4.14978583333333      -0.343731054043012     
   2.37216333333333        4.44605625000000      -0.304667163566598     
   2.37216333333333        4.74232666666667      -0.271471065396678     
   2.37216333333333        5.03859708333333      -0.243877306377894     
   2.37216333333333        5.33486750000000      -0.221615871247348     
   2.37216333333333        5.63113791666667      -0.204010854565983     
   2.37216333333333        5.92740833333333      -0.189537354320416     
   2.37216333333333        6.22367875000000      -0.177253868543937     
   2.37216333333333        6.51994916666667      -0.166600068502967     
   2.37216333333333        6.81621958333333      -0.157351032413306     
   2.37216333333333        7.11249000000000      -0.149406554285865     
   2.66843375000000       2.000000000000000E-003 -0.369617536474457     
   2.66843375000000       0.298270416666667      -0.407257171493816     
   2.66843375000000       0.594540833333333      -0.445563440720141     
   2.66843375000000       0.890811250000000      -0.481375037086778     
   2.66843375000000        1.18708166666667      -0.512244806876969     
   2.66843375000000        1.48335208333333      -0.538814012918018     
   2.66843375000000        1.77962250000000      -0.561887662755929     
   2.66843375000000        2.07589291666667      -0.573637674837387     
   2.66843375000000        2.37216333333333      -0.570979691397115     
   2.66843375000000        2.66843375000000      -0.552729528142882     
   2.66843375000000        2.96470416666667      -0.520006783385648     
   2.66843375000000        3.26097458333333      -0.478929497987926     
   2.66843375000000        3.55724500000000      -0.435404032196152     
   2.66843375000000        3.85351541666667      -0.389116907738565     
   2.66843375000000        4.14978583333333      -0.343626410028621     
   2.66843375000000        4.44605625000000      -0.303739048509460     
   2.66843375000000        4.74232666666667      -0.270212038468594     
   2.66843375000000        5.03859708333333      -0.242506730910767     
   2.66843375000000        5.33486750000000      -0.220171938821689     
   2.66843375000000        5.63113791666667      -0.202581147468665     
   2.66843375000000        5.92740833333333      -0.188114648468629     
   2.66843375000000        6.22367875000000      -0.175681909398589     
   2.66843375000000        6.51994916666667      -0.164878742824812     
   2.66843375000000        6.81621958333333      -0.155568759656267     
   2.66843375000000        7.11249000000000      -0.147652206563883     
   2.96470416666667       2.000000000000000E-003 -0.349086616418583     
   2.96470416666667       0.298270416666667      -0.381878624894606     
   2.96470416666667       0.594540833333333      -0.414864407441394     
   2.96470416666667       0.890811250000000      -0.445576904649284     
   2.96470416666667        1.18708166666667      -0.472623269345108     
   2.96470416666667        1.48335208333333      -0.497972334238487     
   2.96470416666667        1.77962250000000      -0.519140038914839     
   2.96470416666667        2.07589291666667      -0.531648634577197     
   2.96470416666667        2.37216333333333      -0.532896499597605     
   2.96470416666667        2.66843375000000      -0.520006685863227     
   2.96470416666667        2.96470416666667      -0.492936726108552     
   2.96470416666667        3.26097458333333      -0.460845194771564     
   2.96470416666667        3.55724500000000      -0.429461139649241     
   2.96470416666667        3.85351541666667      -0.386996673960132     
   2.96470416666667        4.14978583333333      -0.342221250590609     
   2.96470416666667        4.44605625000000      -0.302947153880946     
   2.96470416666667        4.74232666666667      -0.269337310607003     
   2.96470416666667        5.03859708333333      -0.241292371200112     
   2.96470416666667        5.33486750000000      -0.218615852959298     
   2.96470416666667        5.63113791666667      -0.200634361605632     
   2.96470416666667        5.92740833333333      -0.186033526879173     
   2.96470416666667        6.22367875000000      -0.173476398995458     
   2.96470416666667        6.51994916666667      -0.162636647271295     
   2.96470416666667        6.81621958333333      -0.153407762140397     
   2.96470416666667        7.11249000000000      -0.145632521882617     
   3.26097458333333       2.000000000000000E-003 -0.326836202032750     
   3.26097458333333       0.298270416666667      -0.354476552855339     
   3.26097458333333       0.594540833333333      -0.381885107004870     
   3.26097458333333       0.890811250000000      -0.407277333410813     
   3.26097458333333        1.18708166666667      -0.429993571428356     
   3.26097458333333        1.48335208333333      -0.451688125083734     
   3.26097458333333        1.77962250000000      -0.470189818929327     
   3.26097458333333        2.07589291666667      -0.482242183467112     
   3.26097458333333        2.37216333333333      -0.485960991756371     
   3.26097458333333        2.66843375000000      -0.478929414619514     
   3.26097458333333        2.96470416666667      -0.460845267165025     
   3.26097458333333        3.26097458333333      -0.441856374294475     
   3.26097458333333        3.55724500000000      -0.419936202475435     
   3.26097458333333        3.85351541666667      -0.381216437341325     
   3.26097458333333        4.14978583333333      -0.342971454135262     
   3.26097458333333        4.44605625000000      -0.304156523243521     
   3.26097458333333        4.74232666666667      -0.268988671771222     
   3.26097458333333        5.03859708333333      -0.239667545510301     
   3.26097458333333        5.33486750000000      -0.216274050702917     
   3.26097458333333        5.63113791666667      -0.197823092350221     
   3.26097458333333        5.92740833333333      -0.182912705439046     
   3.26097458333333        6.22367875000000      -0.170317630568260     
   3.26097458333333        6.51994916666667      -0.159619112882479     
   3.26097458333333        6.81621958333333      -0.150657923799279     
   3.26097458333333        7.11249000000000      -0.143162093816396     
   3.55724500000000       2.000000000000000E-003 -0.304091843486216     
   3.55724500000000       0.298270416666667      -0.326844000494137     
   3.55724500000000       0.594540833333333      -0.349101439746576     
   3.55724500000000       0.890811250000000      -0.369645064272780     
   3.55724500000000        1.18708166666667      -0.388159238866799     
   3.55724500000000        1.48335208333333      -0.405816051033142     
   3.55724500000000        1.77962250000000      -0.420835679413732     
   3.55724500000000        2.07589291666667      -0.431474191760818     
   3.55724500000000        2.37216333333333      -0.436470440506513     
   3.55724500000000        2.66843375000000      -0.435403905638020     
   3.55724500000000        2.96470416666667      -0.429461082288128     
   3.55724500000000        3.26097458333333      -0.419936170030770     
   3.55724500000000        3.55724500000000      -0.392985442169996     
   3.55724500000000        3.85351541666667      -0.379766045771554     
   3.55724500000000        4.14978583333333      -0.346337507688071     
   3.55724500000000        4.44605625000000      -0.303758218356235     
   3.55724500000000        4.74232666666667      -0.265748554101426     
   3.55724500000000        5.03859708333333      -0.235207921919644     
   3.55724500000000        5.33486750000000      -0.211527396213503     
   3.55724500000000        5.63113791666667      -0.193105240095537     
   3.55724500000000        5.92740833333333      -0.178270198933831     
   3.55724500000000        6.22367875000000      -0.165938610699724     
   3.55724500000000        6.51994916666667      -0.155667122468389     
   3.55724500000000        6.81621958333333      -0.147207978030110     
   3.55724500000000        7.11249000000000      -0.140147018941244     
   3.85351541666667       2.000000000000000E-003 -0.282091102369550     
   3.85351541666667       0.298270416666667      -0.300615601969742     
   3.85351541666667       0.594540833333333      -0.318517350678495     
   3.85351541666667       0.890811250000000      -0.334981559739582     
   3.85351541666667        1.18708166666667      -0.349807443738488     
   3.85351541666667        1.48335208333333      -0.363658137481804     
   3.85351541666667        1.77962250000000      -0.375493056209159     
   3.85351541666667        2.07589291666667      -0.383838217344756     
   3.85351541666667        2.37216333333333      -0.388265796394029     
   3.85351541666667        2.66843375000000      -0.389116708565577     
   3.85351541666667        2.96470416666667      -0.386996404199816     
   3.85351541666667        3.26097458333333      -0.381216219547921     
   3.85351541666667        3.55724500000000      -0.379765929106983     
   3.85351541666667        3.85351541666667      -0.368829700994470     
   3.85351541666667        4.14978583333333      -0.333860215506326     
   3.85351541666667        4.44605625000000      -0.291751940377003     
   3.85351541666667        4.74232666666667      -0.254647850640265     
   3.85351541666667        5.03859708333333      -0.225342398699778     
   3.85351541666667        5.33486750000000      -0.202989724445648     
   3.85351541666667        5.63113791666667      -0.185766850002137     
   3.85351541666667        5.92740833333333      -0.171864674611534     
   3.85351541666667        6.22367875000000      -0.160311176739463     
   3.85351541666667        6.51994916666667      -0.150831833870687     
   3.85351541666667        6.81621958333333      -0.143118705692424     
   3.85351541666667        7.11249000000000      -0.136630050970502     
   4.14978583333333       2.000000000000000E-003 -0.261664433957190     
   4.14978583333333       0.298270416666667      -0.276720249729483     
   4.14978583333333       0.594540833333333      -0.291080833050242     
   4.14978583333333       0.890811250000000      -0.304200649052683     
   4.14978583333333        1.18708166666667      -0.315909999066808     
   4.14978583333333        1.48335208333333      -0.326552291772461     
   4.14978583333333        1.77962250000000      -0.335361154629479     
   4.14978583333333        2.07589291666667      -0.341155092746460     
   4.14978583333333        2.37216333333333      -0.343730874083731     
   4.14978583333333        2.66843375000000      -0.343626240830867     
   4.14978583333333        2.96470416666667      -0.342221064614260     
   4.14978583333333        3.26097458333333      -0.342971315391426     
   4.14978583333333        3.55724500000000      -0.346337346863085     
   4.14978583333333        3.85351541666667      -0.333860022060745     
   4.14978583333333        4.14978583333333      -0.302939596958289     
   4.14978583333333        4.44605625000000      -0.267331786679579     
   4.14978583333333        4.74232666666667      -0.235551006833837     
   4.14978583333333        5.03859708333333      -0.210256464223501     
   4.14978583333333        5.33486750000000      -0.190980649714886     
   4.14978583333333        5.63113791666667      -0.176177947938071     
   4.14978583333333        5.92740833333333      -0.164038450415495     
   4.14978583333333        6.22367875000000      -0.153768843030138     
   4.14978583333333        6.51994916666667      -0.145420310693583     
   4.14978583333333        6.81621958333333      -0.138642779666556     
   4.14978583333333        7.11249000000000      -0.132805418586036     
   4.44605625000000       2.000000000000000E-003 -0.243164701856924     
   4.44605625000000       0.298270416666667      -0.255412200257210     
   4.44605625000000       0.594540833333333      -0.266884124362054     
   4.44605625000000       0.890811250000000      -0.277215604752426     
   4.44605625000000        1.18708166666667      -0.286252241044639     
   4.44605625000000        1.48335208333333      -0.294080918280140     
   4.44605625000000        1.77962250000000      -0.300351673570169     
   4.44605625000000        2.07589291666667      -0.303856442413282     
   4.44605625000000        2.37216333333333      -0.304667023597194     
   4.44605625000000        2.66843375000000      -0.303738935443383     
   4.44605625000000        2.96470416666667      -0.302947052146070     
   4.44605625000000        3.26097458333333      -0.304156394738422     
   4.44605625000000        3.55724500000000      -0.303757976857206     
   4.44605625000000        3.85351541666667      -0.291751622489910     
   4.44605625000000        4.14978583333333      -0.267331587321197     
   4.44605625000000        4.44605625000000      -0.239055372796106     
   4.44605625000000        4.74232666666667      -0.213506497673860     
   4.44605625000000        5.03859708333333      -0.193045400323538     
   4.44605625000000        5.33486750000000      -0.177586706066348     
   4.44605625000000        5.63113791666667      -0.165851226082235     
   4.44605625000000        5.92740833333333      -0.155631832438045     
   4.44605625000000        6.22367875000000      -0.146930582461764     
   4.44605625000000        6.51994916666667      -0.139909228242222     
   4.44605625000000        6.81621958333333      -0.134138540272475     
   4.44605625000000        7.11249000000000      -0.128945745525244     
   4.74232666666667       2.000000000000000E-003 -0.226698011333794     
   4.74232666666667       0.298270416666667      -0.236641196662921     
   4.74232666666667       0.594540833333333      -0.245697572791349     
   4.74232666666667       0.890811250000000      -0.253642861469825     
   4.74232666666667        1.18708166666667      -0.260359959982584     
   4.74232666666667        1.48335208333333      -0.265816162916085     
   4.74232666666667        1.77962250000000      -0.269891208447011     
   4.74232666666667        2.07589291666667      -0.271732571966295     
   4.74232666666667        2.37216333333333      -0.271470958252088     
   4.74232666666667        2.66843375000000      -0.270211959855784     
   4.74232666666667        2.96470416666667      -0.269337235620830     
   4.74232666666667        3.26097458333333      -0.268988538545368     
   4.74232666666667        3.55724500000000      -0.265748301219275     
   4.74232666666667        3.85351541666667      -0.254647515587009     
   4.74232666666667        4.14978583333333      -0.235550721602320     
   4.74232666666667        4.44605625000000      -0.213506353622245     
   4.74232666666667        4.74232666666667      -0.193324684590191     
   4.74232666666667        5.03859708333333      -0.177208487155630     
   4.74232666666667        5.33486750000000      -0.165351040888406     
   4.74232666666667        5.63113791666667      -0.156070913870849     
   4.74232666666667        5.92740833333333      -0.147542780553142     
   4.74232666666667        6.22367875000000      -0.140444549654614     
   4.74232666666667        6.51994916666667      -0.134754155993663     
   4.74232666666667        6.81621958333333      -0.129929595200869     
   4.74232666666667        7.11249000000000      -0.125306255864754     
   5.03859708333333       2.000000000000000E-003 -0.212422517483792     
   5.03859708333333       0.298270416666667      -0.220426815992675     
   5.03859708333333       0.594540833333333      -0.227389226173639     
   5.03859708333333       0.890811250000000      -0.233258592489529     
   5.03859708333333        1.18708166666667      -0.238001339062675     
   5.03859708333333        1.48335208333333      -0.241574796809284     
   5.03859708333333        1.77962250000000      -0.243879988992356     
   5.03859708333333        2.07589291666667      -0.244644754518571     
   5.03859708333333        2.37216333333333      -0.243877234494447     
   5.03859708333333        2.66843375000000      -0.242506680886451     
   5.03859708333333        2.96470416666667      -0.241292317520121     
   5.03859708333333        3.26097458333333      -0.239667438353953     
   5.03859708333333        3.55724500000000      -0.235207717858762     
   5.03859708333333        3.85351541666667      -0.225342114599676     
   5.03859708333333        4.14978583333333      -0.210256176430466     
   5.03859708333333        4.44605625000000      -0.193045183705633     
   5.03859708333333        4.74232666666667      -0.177208378014107     
   5.03859708333333        5.03859708333333      -0.164747244536799     
   5.03859708333333        5.33486750000000      -0.155616194036219     
   5.03859708333333        5.63113791666667      -0.147416653771843     
   5.03859708333333        5.92740833333333      -0.140360192988357     
   5.03859708333333        6.22367875000000      -0.134704582722637     
   5.03859708333333        6.51994916666667      -0.130184644422099     
   5.03859708333333        6.81621958333333      -0.126199475309044     
   5.03859708333333        7.11249000000000      -0.122083125711885     
   5.33486750000000       2.000000000000000E-003 -0.200527246585292     
   5.33486750000000       0.298270416666667      -0.206888968388360     
   5.33486750000000       0.594540833333333      -0.212002955416156     
   5.33486750000000       0.890811250000000      -0.216037260675416     
   5.33486750000000        1.18708166666667      -0.219121565132371     
   5.33486750000000        1.48335208333333      -0.221286409413588     
   5.33486750000000        1.77962250000000      -0.222460046788115     
   5.33486750000000        2.07589291666667      -0.222572695933833     
   5.33486750000000        2.37216333333333      -0.221615837143473     
   5.33486750000000        2.66843375000000      -0.220171915897309     
   5.33486750000000        2.96470416666667      -0.218615820172826     
   5.33486750000000        3.26097458333333      -0.216273973458770     
   5.33486750000000        3.55724500000000      -0.211527241774510     
   5.33486750000000        3.85351541666667      -0.202989493232251     
   5.33486750000000        4.14978583333333      -0.190980381246510     
   5.33486750000000        4.44605625000000      -0.177586457372109     
   5.33486750000000        4.74232666666667      -0.165350861576896     
   5.33486750000000        5.03859708333333      -0.155616109912413     
   5.33486750000000        5.33486750000000      -0.147218804939466     
   5.33486750000000        5.63113791666667      -0.140052692313376     
   5.33486750000000        5.92740833333333      -0.134229723521509     
   5.33486750000000        6.22367875000000      -0.129810595722896     
   5.33486750000000        6.51994916666667      -0.126359991171651     
   5.33486750000000        6.81621958333333      -0.123146861425625     
   5.33486750000000        7.11249000000000      -0.119535468732006     
   5.63113791666667       2.000000000000000E-003 -0.191046866811156     
   5.63113791666667       0.298270416666667      -0.195974334238938     
   5.63113791666667       0.594540833333333      -0.199411428713151     
   5.63113791666667       0.890811250000000      -0.201850104944497     
   5.63113791666667        1.18708166666667      -0.203578950589652     
   5.63113791666667        1.48335208333333      -0.204675777704574     
   5.63113791666667        1.77962250000000      -0.205118044387445     
   5.63113791666667        2.07589291666667      -0.204883019896554     
   5.63113791666667        2.37216333333333      -0.204010855785780     
   5.63113791666667        2.66843375000000      -0.202581141351880     
   5.63113791666667        2.96470416666667      -0.200634334481612     
   5.63113791666667        3.26097458333333      -0.197823022110996     
   5.63113791666667        3.55724500000000      -0.193105105453689     
   5.63113791666667        3.85351541666667      -0.185766646102636     
   5.63113791666667        4.14978583333333      -0.176177697435836     
   5.63113791666667        4.44605625000000      -0.165850975669817     
   5.63113791666667        4.74232666666667      -0.156070711757402     
   5.63113791666667        5.03859708333333      -0.147416532045510     
   5.63113791666667        5.33486750000000      -0.140052653355735     
   5.63113791666667        5.63113791666667      -0.133966386912647     
   5.63113791666667        5.92740833333333      -0.129325498718957     
   5.63113791666667        6.22367875000000      -0.126037927074868     
   5.63113791666667        6.51994916666667      -0.123545868236003     
   5.63113791666667        6.81621958333333      -0.121034266373357     
   5.63113791666667        7.11249000000000      -0.117871108706981     
   5.92740833333333       2.000000000000000E-003 -0.183872144653332     
   5.92740833333333       0.298270416666667      -0.187457761458813     
   5.92740833333333       0.594540833333333      -0.189268482234129     
   5.92740833333333       0.890811250000000      -0.190293564014661     
   5.92740833333333        1.18708166666667      -0.190915237064521     
   5.92740833333333        1.48335208333333      -0.191169150487045     
   5.92740833333333        1.77962250000000      -0.191033845145379     
   5.92740833333333        2.07589291666667      -0.190493886996205     
   5.92740833333333        2.37216333333333      -0.189537389825081     
   5.92740833333333        2.66843375000000      -0.188114661076018     
   5.92740833333333        2.96470416666667      -0.186033502053495     
   5.92740833333333        3.26097458333333      -0.182912633397102     
   5.92740833333333        3.55724500000000      -0.178270073243173     
   5.92740833333333        3.85351541666667      -0.171864497212489     
   5.92740833333333        4.14978583333333      -0.164038238269879     
   5.92740833333333        4.44605625000000      -0.155631618027553     
   5.92740833333333        4.74232666666667      -0.147542605036333     
   5.92740833333333        5.03859708333333      -0.140360094766023     
   5.92740833333333        5.33486750000000      -0.134229720409398     
   5.92740833333333        5.63113791666667      -0.129325534353718     
   5.92740833333333        5.92740833333333      -0.125826785240876     
   5.92740833333333        6.22367875000000      -0.123558433480279     
   5.92740833333333        6.51994916666667      -0.121920569399710     
   5.92740833333333        6.81621958333333      -0.120011671723303     
   5.92740833333333        7.11249000000000      -0.117163276665740     
   6.22367875000000       2.000000000000000E-003 -0.178558928348200     
   6.22367875000000       0.298270416666667      -0.180722291699226     
   6.22367875000000       0.594540833333333      -0.180937447830528     
   6.22367875000000       0.890811250000000      -0.180812761173344     
   6.22367875000000        1.18708166666667      -0.180527596399557     
   6.22367875000000        1.48335208333333      -0.180038060386420     
   6.22367875000000        1.77962250000000      -0.179343717808548     
   6.22367875000000        2.07589291666667      -0.178433051915566     
   6.22367875000000        2.37216333333333      -0.177253932643105     
   6.22367875000000        2.66843375000000      -0.175681946525095     
   6.22367875000000        2.96470416666667      -0.173476395576426     
   6.22367875000000        3.26097458333333      -0.170317583969735     
   6.22367875000000        3.55724500000000      -0.165938523919883     
   6.22367875000000        3.85351541666667      -0.160311056375084     
   6.22367875000000        4.14978583333333      -0.153768701900288     
   6.22367875000000        4.44605625000000      -0.146930443808710     
   6.22367875000000        4.74232666666667      -0.140444449103533     
   6.22367875000000        5.03859708333333      -0.134704566671432     
   6.22367875000000        5.33486750000000      -0.129810679961108     
   6.22367875000000        5.63113791666667      -0.126038044666623     
   6.22367875000000        5.92740833333333      -0.123558515755678     
   6.22367875000000        6.22367875000000      -0.122232103982300     
   6.22367875000000        6.51994916666667      -0.121435102442498     
   6.22367875000000        6.81621958333333      -0.120032686917838     
   6.22367875000000        7.11249000000000      -0.117257985593574     
   6.51994916666667       2.000000000000000E-003 -0.173919872894938     
   6.51994916666667       0.298270416666667      -0.174568521873426     
   6.51994916666667       0.594540833333333      -0.173711619179132     
   6.51994916666667       0.890811250000000      -0.172902093087553     
   6.51994916666667        1.18708166666667      -0.171843088994528     
   6.51994916666667        1.48335208333333      -0.170627211815528     
   6.51994916666667        1.77962250000000      -0.169356559724359     
   6.51994916666667        2.07589291666667      -0.168036036658545     
   6.51994916666667        2.37216333333333      -0.166600158139282     
   6.51994916666667        2.66843375000000      -0.164878808071162     
   6.51994916666667        2.96470416666667      -0.162636677321189     
   6.51994916666667        3.26097458333333      -0.159619110897190     
   6.51994916666667        3.55724500000000      -0.155667097368842     
   6.51994916666667        3.85351541666667      -0.150831794222500     
   6.51994916666667        4.14978583333333      -0.145420265167445     
   6.51994916666667        4.44605625000000      -0.139909191674789     
   6.51994916666667        4.74232666666667      -0.134754157901934     
   6.51994916666667        5.03859708333333      -0.130184737660044     
   6.51994916666667        5.33486750000000      -0.126360166371902     
   6.51994916666667        5.63113791666667      -0.123546067169181     
   6.51994916666667        5.92740833333333      -0.121920735493995     
   6.51994916666667        6.22367875000000      -0.121435189637686     
   6.51994916666667        6.51994916666667      -0.121510400713797     
   6.51994916666667        6.81621958333333      -0.120668924959631     
   6.51994916666667        7.11249000000000      -0.117729936942838     
   6.81621958333333       2.000000000000000E-003 -0.166975337639183     
   6.81621958333333       0.298270416666667      -0.167791480477081     
   6.81621958333333       0.594540833333333      -0.167442838695697     
   6.81621958333333       0.890811250000000      -0.166089143797682     
   6.81621958333333        1.18708166666667      -0.164269003617939     
   6.81621958333333        1.48335208333333      -0.162410597809351     
   6.81621958333333        1.77962250000000      -0.160650533951900     
   6.81621958333333        2.07589291666667      -0.158986683841097     
   6.81621958333333        2.37216333333333      -0.157351145204323     
   6.81621958333333        2.66843375000000      -0.155568852018535     
   6.81621958333333        2.96470416666667      -0.153407828174900     
   6.81621958333333        3.26097458333333      -0.150657971508466     
   6.81621958333333        3.55724500000000      -0.147208019942698     
   6.81621958333333        3.85351541666667      -0.143118750443649     
   6.81621958333333        4.14978583333333      -0.138642831362331     
   6.81621958333333        4.44605625000000      -0.134138605264516     
   6.81621958333333        4.74232666666667      -0.129929694398857     
   6.81621958333333        5.03859708333333      -0.126199652039192     
   6.81621958333333        5.33486750000000      -0.123147093851347     
   6.81621958333333        5.63113791666667      -0.121034508573431     
   6.81621958333333        5.92740833333333      -0.120011880903181     
   6.81621958333333        6.22367875000000      -0.120032820303940     
   6.81621958333333        6.51994916666667      -0.120668965494432     
   6.81621958333333        6.81621958333333      -0.120337968780272     
   6.81621958333333        7.11249000000000      -0.117206926335483     
   7.11249000000000       2.000000000000000E-003 -0.156294420888086     
   7.11249000000000       0.298270416666667      -0.160900905271343     
   7.11249000000000       0.594540833333333      -0.160988207575724     
   7.11249000000000       0.890811250000000      -0.159211456533936     
   7.11249000000000        1.18708166666667      -0.157074253594339     
   7.11249000000000        1.48335208333333      -0.154953411022158     
   7.11249000000000        1.77962250000000      -0.152966124940424     
   7.11249000000000        2.07589291666667      -0.151129390937805     
   7.11249000000000        2.37216333333333      -0.149406681246400     
   7.11249000000000        2.66843375000000      -0.147652316098823     
   7.11249000000000        2.96470416666667      -0.145632613713512     
   7.11249000000000        3.26097458333333      -0.143162179500635     
   7.11249000000000        3.55724500000000      -0.140147112881616     
   7.11249000000000        3.85351541666667      -0.136630160970653     
   7.11249000000000        4.14978583333333      -0.132805544482845     
   7.11249000000000        4.44605625000000      -0.128945885691195     
   7.11249000000000        4.74232666666667      -0.125306420160518     
   7.11249000000000        5.03859708333333      -0.122083341929135     
   7.11249000000000        5.33486750000000      -0.119535709990348     
   7.11249000000000        5.63113791666667      -0.117871344386898     
   7.11249000000000        5.92740833333333      -0.117163479318893     
   7.11249000000000        6.22367875000000      -0.117258121869651     
   7.11249000000000        6.51994916666667      -0.117729985387200     
   7.11249000000000        6.81621958333333      -0.117206941847967     
   7.11249000000000        7.11249000000000      -0.113448485894763     
