  2.000000000000000E-003  2.000000000000000E-003  -2.13271908178292     
  2.000000000000000E-003  0.298270416666667       -1.98381232037574     
  2.000000000000000E-003  0.594540833333333       -1.71226817654226     
  2.000000000000000E-003  0.890811250000000       -1.33351285144880     
  2.000000000000000E-003   1.18708166666667       -1.01373302755554     
  2.000000000000000E-003   1.48335208333333      -0.785399714909796     
  2.000000000000000E-003   1.77962250000000      -0.625736793130933     
  2.000000000000000E-003   2.07589291666667      -0.512061620856285     
  2.000000000000000E-003   2.37216333333333      -0.429545726549441     
  2.000000000000000E-003   2.66843375000000      -0.368504874249457     
  2.000000000000000E-003   2.96470416666667      -0.322817731260191     
  2.000000000000000E-003   3.26097458333333      -0.287955318709120     
  2.000000000000000E-003   3.55724500000000      -0.260503286010330     
  2.000000000000000E-003   3.85351541666667      -0.238146432728406     
  2.000000000000000E-003   4.14978583333333      -0.219576850228236     
  2.000000000000000E-003   4.44605625000000      -0.204226492724255     
  2.000000000000000E-003   4.74232666666667      -0.191918635874143     
  2.000000000000000E-003   5.03859708333333      -0.182611732401408     
  2.000000000000000E-003   5.33486750000000      -0.176370345155850     
  2.000000000000000E-003   5.63113791666667      -0.173485493337901     
  2.000000000000000E-003   5.92740833333333      -0.174542176816620     
  2.000000000000000E-003   6.22367875000000      -0.180097165113226     
  2.000000000000000E-003   6.51994916666667      -0.188548788894638     
  2.000000000000000E-003   6.81621958333333      -0.192776410000392     
  2.000000000000000E-003   7.11249000000000      -0.191028045619926     
  0.298270416666667       2.000000000000000E-003  -1.98381215826554     
  0.298270416666667       0.298270416666667       -1.88398959143582     
  0.298270416666667       0.594540833333333       -1.61518215150451     
  0.298270416666667       0.890811250000000       -1.27060017985416     
  0.298270416666667        1.18708166666667      -0.978881089108716     
  0.298270416666667        1.48335208333333      -0.765906755911099     
  0.298270416666667        1.77962250000000      -0.614232940445734     
  0.298270416666667        2.07589291666667      -0.504878105222767     
  0.298270416666667        2.37216333333333      -0.424788573103268     
  0.298270416666667        2.66843375000000      -0.365221510897794     
  0.298270416666667        2.96470416666667      -0.320468902808424     
  0.298270416666667        3.26097458333333      -0.286208561940264     
  0.298270416666667        3.55724500000000      -0.259151016225832     
  0.298270416666667        3.85351541666667      -0.237058313086431     
  0.298270416666667        4.14978583333333      -0.218667929525499     
  0.298270416666667        4.44605625000000      -0.203432912127740     
  0.298270416666667        4.74232666666667      -0.191180682113304     
  0.298270416666667        5.03859708333333      -0.181860828848026     
  0.298270416666667        5.33486750000000      -0.175506304191092     
  0.298270416666667        5.63113791666667      -0.172344615746395     
  0.298270416666667        5.92740833333333      -0.172831001229131     
  0.298270416666667        6.22367875000000      -0.177334079844692     
  0.298270416666667        6.51994916666667      -0.184467175045558     
  0.298270416666667        6.81621958333333      -0.188350056023560     
  0.298270416666667        7.11249000000000      -0.184876266884432     
  0.594540833333333       2.000000000000000E-003  -1.71226810086080     
  0.594540833333333       0.298270416666667       -1.61518211149778     
  0.594540833333333       0.594540833333333       -1.38335385238258     
  0.594540833333333       0.890811250000000       -1.11904705891931     
  0.594540833333333        1.18708166666667      -0.890393273152202     
  0.594540833333333        1.48335208333333      -0.714241617260441     
  0.594540833333333        1.77962250000000      -0.582816632441435     
  0.594540833333333        2.07589291666667      -0.484818513849810     
  0.594540833333333        2.37216333333333      -0.411372393046039     
  0.594540833333333        2.66843375000000      -0.355912172766916     
  0.594540833333333        2.96470416666667      -0.313790976850437     
  0.594540833333333        3.26097458333333      -0.281235290180385     
  0.594540833333333        3.55724500000000      -0.255298863098385     
  0.594540833333333        3.85351541666667      -0.233960268936318     
  0.594540833333333        4.14978583333333      -0.216082264379387     
  0.594540833333333        4.44605625000000      -0.201176027494925     
  0.594540833333333        4.74232666666667      -0.189082257006776     
  0.594540833333333        5.03859708333333      -0.179727387161018     
  0.594540833333333        5.33486750000000      -0.173078532197949     
  0.594540833333333        5.63113791666667      -0.169204210223658     
  0.594540833333333        5.92740833333333      -0.168271251507282     
  0.594540833333333        6.22367875000000      -0.170235666170257     
  0.594540833333333        6.51994916666667      -0.173854086932520     
  0.594540833333333        6.81621958333333      -0.175572198146890     
  0.594540833333333        7.11249000000000      -0.172321246451195     
  0.890811250000000       2.000000000000000E-003  -1.33351308659121     
  0.890811250000000       0.298270416666667       -1.27060037790028     
  0.890811250000000       0.594540833333333       -1.11904720113610     
  0.890811250000000       0.890811250000000      -0.941730493315815     
  0.890811250000000        1.18708166666667      -0.779128596310894     
  0.890811250000000        1.48335208333333      -0.644828704775168     
  0.890811250000000        1.77962250000000      -0.538458874915258     
  0.890811250000000        2.07589291666667      -0.455576164415509     
  0.890811250000000        2.37216333333333      -0.391409229235921     
  0.890811250000000        2.66843375000000      -0.341939479894091     
  0.890811250000000        2.96470416666667      -0.303726700742461     
  0.890811250000000        3.26097458333333      -0.273728750908219     
  0.890811250000000        3.55724500000000      -0.249484827515151     
  0.890811250000000        3.85351541666667      -0.229288955815323     
  0.890811250000000        4.14978583333333      -0.212187018870792     
  0.890811250000000        4.44605625000000      -0.197775901238290     
  0.890811250000000        4.74232666666667      -0.185920288494151     
  0.890811250000000        5.03859708333333      -0.176531837308535     
  0.890811250000000        5.33486750000000      -0.169501889098709     
  0.890811250000000        5.63113791666667      -0.164747728130900     
  0.890811250000000        5.92740833333333      -0.162168183148534     
  0.890811250000000        6.22367875000000      -0.161421502262054     
  0.890811250000000        6.51994916666667      -0.161471171769300     
  0.890811250000000        6.81621958333333      -0.160389706876890     
  0.890811250000000        7.11249000000000      -0.156541185049929     
   1.18708166666667       2.000000000000000E-003  -1.01373350146902     
   1.18708166666667       0.298270416666667      -0.978881522769322     
   1.18708166666667       0.594540833333333      -0.890393603265354     
   1.18708166666667       0.890811250000000      -0.779128766832921     
   1.18708166666667        1.18708166666667      -0.668875902978656     
   1.18708166666667        1.48335208333333      -0.570944086089156     
   1.18708166666667        1.77962250000000      -0.488574328267256     
   1.18708166666667        2.07589291666667      -0.421371309356121     
   1.18708166666667        2.37216333333333      -0.367550443759378     
   1.18708166666667        2.66843375000000      -0.325013253641012     
   1.18708166666667        2.96470416666667      -0.291427035154389     
   1.18708166666667        3.26097458333333      -0.264511064063649     
   1.18708166666667        3.55724500000000      -0.242339162138477     
   1.18708166666667        3.85351541666667      -0.223558480332429     
   1.18708166666667        4.14978583333333      -0.207421466715340     
   1.18708166666667        4.44605625000000      -0.193624483292515     
   1.18708166666667        4.74232666666667      -0.182066437440737     
   1.18708166666667        5.03859708333333      -0.172660798803818     
   1.18708166666667        5.33486750000000      -0.165261808757660     
   1.18708166666667        5.63113791666667      -0.159698140139321     
   1.18708166666667        5.92740833333333      -0.155735267791559     
   1.18708166666667        6.22367875000000      -0.152953819311794     
   1.18708166666667        6.51994916666667      -0.150597290554829     
   1.18708166666667        6.81621958333333      -0.147631707406487     
   1.18708166666667        7.11249000000000      -0.143225691276255     
   1.48335208333333       2.000000000000000E-003 -0.785400246655887     
   1.48335208333333       0.298270416666667      -0.765907270061945     
   1.48335208333333       0.594540833333333      -0.714242039248007     
   1.48335208333333       0.890811250000000      -0.644828987194987     
   1.48335208333333        1.18708166666667      -0.570944217258462     
   1.48335208333333        1.48335208333333      -0.500957430283542     
   1.48335208333333        1.77962250000000      -0.438845162614161     
   1.48335208333333        2.07589291666667      -0.385952739139188     
   1.48335208333333        2.37216333333333      -0.342199685159211     
   1.48335208333333        2.66843375000000      -0.306632039603067     
   1.48335208333333        2.96470416666667      -0.277825142543143     
   1.48335208333333        3.26097458333333      -0.254251322135445     
   1.48335208333333        3.55724500000000      -0.234378715550003     
   1.48335208333333        3.85351541666667      -0.217198239262107     
   1.48335208333333        4.14978583333333      -0.202149800846342     
   1.48335208333333        4.44605625000000      -0.189060399538660     
   1.48335208333333        4.74232666666667      -0.177855559107659     
   1.48335208333333        5.03859708333333      -0.168470598925235     
   1.48335208333333        5.33486750000000      -0.160777788378754     
   1.48335208333333        5.63113791666667      -0.154587916311445     
   1.48335208333333        5.92740833333333      -0.149649078808708     
   1.48335208333333        6.22367875000000      -0.145594802237606     
   1.48335208333333        6.51994916666667      -0.141894651993116     
   1.48335208333333        6.81621958333333      -0.137947248254555     
   1.48335208333333        7.11249000000000      -0.133292621946203     
   1.77962250000000       2.000000000000000E-003 -0.625737210633973     
   1.77962250000000       0.298270416666667      -0.614233373316101     
   1.77962250000000       0.594540833333333      -0.582817024823043     
   1.77962250000000       0.890811250000000      -0.538459187272223     
   1.77962250000000        1.18708166666667      -0.488574541012821     
   1.77962250000000        1.48335208333333      -0.438845271996639     
   1.77962250000000        1.77962250000000      -0.392701948621414     
   1.77962250000000        2.07589291666667      -0.351917427761877     
   1.77962250000000        2.37216333333333      -0.317017713587140     
   1.77962250000000        2.66843375000000      -0.288010973426386     
   1.77962250000000        2.96470416666667      -0.264014063889347     
   1.77962250000000        3.26097458333333      -0.243802533405311     
   1.77962250000000        3.55724500000000      -0.226290748214109     
   1.77962250000000        3.85351541666667      -0.210723554101195     
   1.77962250000000        4.14978583333333      -0.196780474627310     
   1.77962250000000        4.44605625000000      -0.184375945840612     
   1.77962250000000        4.74232666666667      -0.173529190415376     
   1.77962250000000        5.03859708333333      -0.164219118683767     
   1.77962250000000        5.33486750000000      -0.156326505444300     
   1.77962250000000        5.63113791666667      -0.149711352845454     
   1.77962250000000        5.92740833333333      -0.144164646256174     
   1.77962250000000        6.22367875000000      -0.139397828320086     
   1.77962250000000        6.51994916666667      -0.135023667688089     
   1.77962250000000        6.81621958333333      -0.130639735426466     
   1.77962250000000        7.11249000000000      -0.125945531199724     
   2.07589291666667       2.000000000000000E-003 -0.512061867960068     
   2.07589291666667       0.298270416666667      -0.504878398885372     
   2.07589291666667       0.594540833333333      -0.484818835468418     
   2.07589291666667       0.890811250000000      -0.455576488669111     
   2.07589291666667        1.18708166666667      -0.421371600169211     
   2.07589291666667        1.48335208333333      -0.385952958339254     
   2.07589291666667        1.77962250000000      -0.351917544595867     
   2.07589291666667        2.07589291666667      -0.320755571856876     
   2.07589291666667        2.37216333333333      -0.293602619455888     
   2.07589291666667        2.66843375000000      -0.270572674325636     
   2.07589291666667        2.96470416666667      -0.251013319333661     
   2.07589291666667        3.26097458333333      -0.233942036943544     
   2.07589291666667        3.55724500000000      -0.218580814638977     
   2.07589291666667        3.85351541666667      -0.204520086746168     
   2.07589291666667        4.14978583333333      -0.191611493681462     
   2.07589291666667        4.44605625000000      -0.179844003757491     
   2.07589291666667        4.74232666666667      -0.169305328993359     
   2.07589291666667        5.03859708333333      -0.160060544459213     
   2.07589291666667        5.33486750000000      -0.152064583341961     
   2.07589291666667        5.63113791666667      -0.145202402257459     
   2.07589291666667        5.92740833333333      -0.139328662662138     
   2.07589291666667        6.22367875000000      -0.134216528161776     
   2.07589291666667        6.51994916666667      -0.129558181496679     
   2.07589291666667        6.81621958333333      -0.125043645520695     
   2.07589291666667        7.11249000000000      -0.120423922787007     
   2.37216333333333       2.000000000000000E-003 -0.429545928600121     
   2.37216333333333       0.298270416666667      -0.424788832812041     
   2.37216333333333       0.594540833333333      -0.411372726719347     
   2.37216333333333       0.890811250000000      -0.391409616232574     
   2.37216333333333        1.18708166666667      -0.367550833407401     
   2.37216333333333        1.48335208333333      -0.342200017890586     
   2.37216333333333        1.77962250000000      -0.317017944698356     
   2.37216333333333        2.07589291666667      -0.293602723389504     
   2.37216333333333        2.37216333333333      -0.272931940792820     
   2.37216333333333        2.66843375000000      -0.255091702181851     
   2.37216333333333        2.96470416666667      -0.239494863038785     
   2.37216333333333        3.26097458333333      -0.225158767307649     
   2.37216333333333        3.55724500000000      -0.211538277572705     
   2.37216333333333        3.85351541666667      -0.198747701184961     
   2.37216333333333        4.14978583333333      -0.186772677355386     
   2.37216333333333        4.44605625000000      -0.175537049292933     
   2.37216333333333        4.74232666666667      -0.165230605862946     
   2.37216333333333        5.03859708333333      -0.156048394823880     
   2.37216333333333        5.33486750000000      -0.148027411317240     
   2.37216333333333        5.63113791666667      -0.141085655125874     
   2.37216333333333        5.92740833333333      -0.135090200095780     
   2.37216333333333        6.22367875000000      -0.129868348609650     
   2.37216333333333        6.51994916666667      -0.125163165061207     
   2.37216333333333        6.81621958333333      -0.120688343693315     
   2.37216333333333        7.11249000000000      -0.116220308927200     
   2.66843375000000       2.000000000000000E-003 -0.368505107690268     
   2.66843375000000       0.298270416666667      -0.365221810217898     
   2.66843375000000       0.594540833333333      -0.355912566902527     
   2.66843375000000       0.890811250000000      -0.341939949275050     
   2.66843375000000        1.18708166666667      -0.325013738320148     
   2.66843375000000        1.48335208333333      -0.306632470006426     
   2.66843375000000        1.77962250000000      -0.288011286676392     
   2.66843375000000        2.07589291666667      -0.270572845567903     
   2.66843375000000        2.37216333333333      -0.255091764732535     
   2.66843375000000        2.66843375000000      -0.241725748631395     
   2.66843375000000        2.96470416666667      -0.229794941396022     
   2.66843375000000        3.26097458333333      -0.217770950160212     
   2.66843375000000        3.55724500000000      -0.205207465491859     
   2.66843375000000        3.85351541666667      -0.193428449772572     
   2.66843375000000        4.14978583333333      -0.182298343005386     
   2.66843375000000        4.44605625000000      -0.171391496391270     
   2.66843375000000        4.74232666666667      -0.161196793275212     
   2.66843375000000        5.03859708333333      -0.152097505389929     
   2.66843375000000        5.33486750000000      -0.144156611548397     
   2.66843375000000        5.63113791666667      -0.137293010756763     
   2.66843375000000        5.92740833333333      -0.131357233679750     
   2.66843375000000        6.22367875000000      -0.126187161413750     
   2.66843375000000        6.51994916666667      -0.121559921883262     
   2.66843375000000        6.81621958333333      -0.117208661093407     
   2.66843375000000        7.11249000000000      -0.112917194831171     
   2.96470416666667       2.000000000000000E-003 -0.322817985193522     
   2.96470416666667       0.298270416666667      -0.320469229395386     
   2.96470416666667       0.594540833333333      -0.313791407983793     
   2.96470416666667       0.890811250000000      -0.303727215590397     
   2.96470416666667        1.18708166666667      -0.291427569491104     
   2.96470416666667        1.48335208333333      -0.277825625584979     
   2.96470416666667        1.77962250000000      -0.264014411134504     
   2.96470416666667        2.07589291666667      -0.251013520563292     
   2.96470416666667        2.37216333333333      -0.239494956016391     
   2.96470416666667        2.66843375000000      -0.229794970259896     
   2.96470416666667        2.96470416666667      -0.221361026928338     
   2.96470416666667        3.26097458333333      -0.211709508902550     
   2.96470416666667        3.55724500000000      -0.199499980047520     
   2.96470416666667        3.85351541666667      -0.188646715101425     
   2.96470416666667        4.14978583333333      -0.178034229550165     
   2.96470416666667        4.44605625000000      -0.167085680637670     
   2.96470416666667        4.74232666666667      -0.156961409899451     
   2.96470416666667        5.03859708333333      -0.148063236413136     
   2.96470416666667        5.33486750000000      -0.140347639011708     
   2.96470416666667        5.63113791666667      -0.133703448867774     
   2.96470416666667        5.92740833333333      -0.127987131886787     
   2.96470416666667        6.22367875000000      -0.122993670821962     
   2.96470416666667        6.51994916666667      -0.118534774548746     
   2.96470416666667        6.81621958333333      -0.114361058928563     
   2.96470416666667        7.11249000000000      -0.110264615351431     
   3.26097458333333       2.000000000000000E-003 -0.287955523979644     
   3.26097458333333       0.298270416666667      -0.286208843478701     
   3.26097458333333       0.594540833333333      -0.281235680905213     
   3.26097458333333       0.890811250000000      -0.273729231386463     
   3.26097458333333        1.18708166666667      -0.264511571831166     
   3.26097458333333        1.48335208333333      -0.254251783707552     
   3.26097458333333        1.77962250000000      -0.243802865306758     
   3.26097458333333        2.07589291666667      -0.233942240344944     
   3.26097458333333        2.37216333333333      -0.225158877558358     
   3.26097458333333        2.66843375000000      -0.217770996645320     
   3.26097458333333        2.96470416666667      -0.211709525083444     
   3.26097458333333        3.26097458333333      -0.204781789692342     
   3.26097458333333        3.55724500000000      -0.193557072485544     
   3.26097458333333        3.85351541666667      -0.183959890889617     
   3.26097458333333        4.14978583333333      -0.172863086790271     
   3.26097458333333        4.44605625000000      -0.161913143672643     
   3.26097458333333        4.74232666666667      -0.152271127007230     
   3.26097458333333        5.03859708333333      -0.143866909354518     
   3.26097458333333        5.33486750000000      -0.136549750992176     
   3.26097458333333        5.63113791666667      -0.130242673775418     
   3.26097458333333        5.92740833333333      -0.124836805478180     
   3.26097458333333        6.22367875000000      -0.120102406156635     
   3.26097458333333        6.51994916666667      -0.115870756978754     
   3.26097458333333        6.81621958333333      -0.111910612540649     
   3.26097458333333        7.11249000000000      -0.108023891281881     
   3.55724500000000       2.000000000000000E-003 -0.260503362484040     
   3.55724500000000       0.298270416666667      -0.259151169140139     
   3.55724500000000       0.594540833333333      -0.255299128073067     
   3.55724500000000       0.890811250000000      -0.249485190728460     
   3.55724500000000        1.18708166666667      -0.242339567903616     
   3.55724500000000        1.48335208333333      -0.234379094235332     
   3.55724500000000        1.77962250000000      -0.226291023268077     
   3.55724500000000        2.07589291666667      -0.218580998814255     
   3.55724500000000        2.37216333333333      -0.211538400113751     
   3.55724500000000        2.66843375000000      -0.205207525940710     
   3.55724500000000        2.96470416666667      -0.199499979170254     
   3.55724500000000        3.26097458333333      -0.193557075255168     
   3.55724500000000        3.55724500000000      -0.184603364687361     
   3.55724500000000        3.85351541666667      -0.176374078453902     
   3.55724500000000        4.14978583333333      -0.165383107134439     
   3.55724500000000        4.44605625000000      -0.155746880815751     
   3.55724500000000        4.74232666666667      -0.147260963728885     
   3.55724500000000        5.03859708333333      -0.139614920886421     
   3.55724500000000        5.33486750000000      -0.132807372285372     
   3.55724500000000        5.63113791666667      -0.126880420156225     
   3.55724500000000        5.92740833333333      -0.121819167670906     
   3.55724500000000        6.22367875000000      -0.117381140699396     
   3.55724500000000        6.51994916666667      -0.113407719662948     
   3.55724500000000        6.81621958333333      -0.109681277979123     
   3.55724500000000        7.11249000000000      -0.106014155110894     
   3.85351541666667       2.000000000000000E-003 -0.238146340229304     
   3.85351541666667       0.298270416666667      -0.237058294186296     
   3.85351541666667       0.594540833333333      -0.233960363591589     
   3.85351541666667       0.890811250000000      -0.229289158354629     
   3.85351541666667        1.18708166666667      -0.223558744127532     
   3.85351541666667        1.48335208333333      -0.217198500765861     
   3.85351541666667        1.77962250000000      -0.210723748682109     
   3.85351541666667        2.07589291666667      -0.204520231218743     
   3.85351541666667        2.37216333333333      -0.198747821863631     
   3.85351541666667        2.66843375000000      -0.193428522299395     
   3.85351541666667        2.96470416666667      -0.188646681111358     
   3.85351541666667        3.26097458333333      -0.183959791942465     
   3.85351541666667        3.55724500000000      -0.176373975868094     
   3.85351541666667        3.85351541666667      -0.167500190969934     
   3.85351541666667        4.14978583333333      -0.157797866760815     
   3.85351541666667        4.44605625000000      -0.149761808182864     
   3.85351541666667        4.74232666666667      -0.142400571238658     
   3.85351541666667        5.03859708333333      -0.135486656196342     
   3.85351541666667        5.33486750000000      -0.129182505502226     
   3.85351541666667        5.63113791666667      -0.123650513888248     
   3.85351541666667        5.92740833333333      -0.118925929547812     
   3.85351541666667        6.22367875000000      -0.114798794957413     
   3.85351541666667        6.51994916666667      -0.111101760395169     
   3.85351541666667        6.81621958333333      -0.107621861357338     
   3.85351541666667        7.11249000000000      -0.104180750117334     
   4.14978583333333       2.000000000000000E-003 -0.219576616585490     
   4.14978583333333       0.298270416666667      -0.218667763404518     
   4.14978583333333       0.594540833333333      -0.216082208973772     
   4.14978583333333       0.890811250000000      -0.212187076779390     
   4.14978583333333        1.18708166666667      -0.207421600840485     
   4.14978583333333        1.48335208333333      -0.202149954374930     
   4.14978583333333        1.77962250000000      -0.196780588192331     
   4.14978583333333        2.07589291666667      -0.191611582255028     
   4.14978583333333        2.37216333333333      -0.186772768190250     
   4.14978583333333        2.66843375000000      -0.182298415377140     
   4.14978583333333        2.96470416666667      -0.178034216949424     
   4.14978583333333        3.26097458333333      -0.172862953979164     
   4.14978583333333        3.55724500000000      -0.165382897841058     
   4.14978583333333        3.85351541666667      -0.157797725951400     
   4.14978583333333        4.14978583333333      -0.150879156490279     
   4.14978583333333        4.44605625000000      -0.144270465855793     
   4.14978583333333        4.74232666666667      -0.137771244763606     
   4.14978583333333        5.03859708333333      -0.131496334926576     
   4.14978583333333        5.33486750000000      -0.125695013329403     
   4.14978583333333        5.63113791666667      -0.120577722572701     
   4.14978583333333        5.92740833333333      -0.116218905957740     
   4.14978583333333        6.22367875000000      -0.112435520160843     
   4.14978583333333        6.51994916666667      -0.109043407058965     
   4.14978583333333        6.81621958333333      -0.105829151148954     
   4.14978583333333        7.11249000000000      -0.102621350603816     
   4.44605625000000       2.000000000000000E-003 -0.204226199454030     
   4.44605625000000       0.298270416666667      -0.203432677782672     
   4.44605625000000       0.594540833333333      -0.201175894311152     
   4.44605625000000       0.890811250000000      -0.197775877609290     
   4.44605625000000        1.18708166666667      -0.193624541026930     
   4.44605625000000        1.48335208333333      -0.189060485293173     
   4.44605625000000        1.77962250000000      -0.184376003127435     
   4.44605625000000        2.07589291666667      -0.179844036644223     
   4.44605625000000        2.37216333333333      -0.175537086827742     
   4.44605625000000        2.66843375000000      -0.171391534462367     
   4.44605625000000        2.96470416666667      -0.167085676758668     
   4.44605625000000        3.26097458333333      -0.161913056207675     
   4.44605625000000        3.55724500000000      -0.155746724763929     
   4.44605625000000        3.85351541666667      -0.149761668681617     
   4.44605625000000        4.14978583333333      -0.144270405888333     
   4.44605625000000        4.44605625000000      -0.138751192042351     
   4.44605625000000        4.74232666666667      -0.133091597980938     
   4.44605625000000        5.03859708333333      -0.127517257140483     
   4.44605625000000        5.33486750000000      -0.122308913574023     
   4.44605625000000        5.63113791666667      -0.117713829227714     
   4.44605625000000        5.92740833333333      -0.113814954110329     
   4.44605625000000        6.22367875000000      -0.110452998126684     
   4.44605625000000        6.51994916666667      -0.107423527452785     
   4.44605625000000        6.81621958333333      -0.104513083925987     
   4.44605625000000        7.11249000000000      -0.101551989724522     
   4.74232666666667       2.000000000000000E-003 -0.191918375235204     
   4.74232666666667       0.298270416666667      -0.191180471187040     
   4.74232666666667       0.594540833333333      -0.189082131008485     
   4.74232666666667       0.890811250000000      -0.185920257419659     
   4.74232666666667        1.18708166666667      -0.182066480889523     
   4.74232666666667        1.48335208333333      -0.177855631102174     
   4.74232666666667        1.77962250000000      -0.173529231665807     
   4.74232666666667        2.07589291666667      -0.169305326687894     
   4.74232666666667        2.37216333333333      -0.165230590925661     
   4.74232666666667        2.66843375000000      -0.161196780305533     
   4.74232666666667        2.96470416666667      -0.156961384880433     
   4.74232666666667        3.26097458333333      -0.152271067595990     
   4.74232666666667        3.55724500000000      -0.147260872529102     
   4.74232666666667        3.85351541666667      -0.142400484884172     
   4.74232666666667        4.14978583333333      -0.137771198075008     
   4.74232666666667        4.44605625000000      -0.133091588992626     
   4.74232666666667        4.74232666666667      -0.128279680721914     
   4.74232666666667        5.03859708333333      -0.123508860966102     
   4.74232666666667        5.33486750000000      -0.119039312561460     
   4.74232666666667        5.63113791666667      -0.115139785935866     
   4.74232666666667        5.92740833333333      -0.111863020830208     
   4.74232666666667        6.22367875000000      -0.109042229845204     
   4.74232666666667        6.51994916666667      -0.106471274494671     
   4.74232666666667        6.81621958333333      -0.103932359488043     
   4.74232666666667        7.11249000000000      -0.101244316761438     
   5.03859708333333       2.000000000000000E-003 -0.182611566479453     
   5.03859708333333       0.298270416666667      -0.181860705219938     
   5.03859708333333       0.594540833333333      -0.179727326991599     
   5.03859708333333       0.890811250000000      -0.176531847181811     
   5.03859708333333        1.18708166666667      -0.172660866574974     
   5.03859708333333        1.48335208333333      -0.168470689722386     
   5.03859708333333        1.77962250000000      -0.164219182750225     
   5.03859708333333        2.07589291666667      -0.160060540720232     
   5.03859708333333        2.37216333333333      -0.156048349242622     
   5.03859708333333        2.66843375000000      -0.152097452875545     
   5.03859708333333        2.96470416666667      -0.148063190252225     
   5.03859708333333        3.26097458333333      -0.143866867428033     
   5.03859708333333        3.55724500000000      -0.139614883374106     
   5.03859708333333        3.85351541666667      -0.135486633276786     
   5.03859708333333        4.14978583333333      -0.131496335489740     
   5.03859708333333        4.44605625000000      -0.127517274804791     
   5.03859708333333        4.74232666666667      -0.123508877139220     
   5.03859708333333        5.03859708333333      -0.119597198459386     
   5.03859708333333        5.33486750000000      -0.116015774598444     
   5.03859708333333        5.63113791666667      -0.113000366878716     
   5.03859708333333        5.92740833333333      -0.110502657953965     
   5.03859708333333        6.22367875000000      -0.108372888681112     
   5.03859708333333        6.51994916666667      -0.106402988365440     
   5.03859708333333        6.81621958333333      -0.104360291928675     
   5.03859708333333        7.11249000000000      -0.101998390228340     
   5.33486750000000       2.000000000000000E-003 -0.176370267183005     
   5.33486750000000       0.298270416666667      -0.175506265467199     
   5.33486750000000       0.594540833333333      -0.173078541325914     
   5.33486750000000       0.890811250000000      -0.169501944248561     
   5.33486750000000        1.18708166666667      -0.165261901407398     
   5.33486750000000        1.48335208333333      -0.160777898777176     
   5.33486750000000        1.77962250000000      -0.156326596161670     
   5.33486750000000        2.07589291666667      -0.152064616719260     
   5.33486750000000        2.37216333333333      -0.148027373199296     
   5.33486750000000        2.66843375000000      -0.144156545193412     
   5.33486750000000        2.96470416666667      -0.140347583097819     
   5.33486750000000        3.26097458333333      -0.136549722669838     
   5.33486750000000        3.55724500000000      -0.132807373912484     
   5.33486750000000        3.85351541666667      -0.129182533179855     
   5.33486750000000        4.14978583333333      -0.125695057900007     
   5.33486750000000        4.44605625000000      -0.122308961375883     
   5.33486750000000        4.74232666666667      -0.119039349631360     
   5.33486750000000        5.03859708333333      -0.116015794056497     
   5.33486750000000        5.33486750000000      -0.113448624173130     
   5.33486750000000        5.63113791666667      -0.111402995883005     
   5.33486750000000        5.92740833333333      -0.109827945629403     
   5.33486750000000        6.22367875000000      -0.108628135353835     
   5.33486750000000        6.51994916666667      -0.107546378923110     
   5.33486750000000        6.81621958333333      -0.106214243994089     
   5.33486750000000        7.11249000000000      -0.104260185885208     
   5.63113791666667       2.000000000000000E-003 -0.173485455794819     
   5.63113791666667       0.298270416666667      -0.172344615944055     
   5.63113791666667       0.594540833333333      -0.169204252990016     
   5.63113791666667       0.890811250000000      -0.164747803623535     
   5.63113791666667        1.18708166666667      -0.159698237131747     
   5.63113791666667        1.48335208333333      -0.154588026570820     
   5.63113791666667        1.77962250000000      -0.149711456852534     
   5.63113791666667        2.07589291666667      -0.145202468291480     
   5.63113791666667        2.37216333333333      -0.141085668206788     
   5.63113791666667        2.66843375000000      -0.137292981507968     
   5.63113791666667        2.96470416666667      -0.133703408554637     
   5.63113791666667        3.26097458333333      -0.130242658814696     
   5.63113791666667        3.55724500000000      -0.126880441088590     
   5.63113791666667        3.85351541666667      -0.123650564839442     
   5.63113791666667        4.14978583333333      -0.120577788701057     
   5.63113791666667        4.44605625000000      -0.117713896464816     
   5.63113791666667        4.74232666666667      -0.115139842866685     
   5.63113791666667        5.03859708333333      -0.113000405540409     
   5.63113791666667        5.33486750000000      -0.111403012420060     
   5.63113791666667        5.63113791666667      -0.110388746586075     
   5.63113791666667        5.92740833333333      -0.109990880725370     
   5.63113791666667        6.22367875000000      -0.110074011802996     
   5.63113791666667        6.51994916666667      -0.110279889383892     
   5.63113791666667        6.81621958333333      -0.110009258465726     
   5.63113791666667        7.11249000000000      -0.108588460933380     
   5.92740833333333       2.000000000000000E-003 -0.174542167466227     
   5.92740833333333       0.298270416666667      -0.172831020412337     
   5.92740833333333       0.594540833333333      -0.168271306627035     
   5.92740833333333       0.890811250000000      -0.162168262363175     
   5.92740833333333        1.18708166666667      -0.155735359578203     
   5.92740833333333        1.48335208333333      -0.149649181278288     
   5.92740833333333        1.77962250000000      -0.144164754439534     
   5.92740833333333        2.07589291666667      -0.139328753124610     
   5.92740833333333        2.37216333333333      -0.135090257676130     
   5.92740833333333        2.66843375000000      -0.131357264083012     
   5.92740833333333        2.96470416666667      -0.127987154482696     
   5.92740833333333        3.26097458333333      -0.124836840992637     
   5.92740833333333        3.55724500000000      -0.121819227129976     
   5.92740833333333        3.85351541666667      -0.118926010808686     
   5.92740833333333        4.14978583333333      -0.116218998298394     
   5.92740833333333        4.44605625000000      -0.113815044794015     
   5.92740833333333        4.74232666666667      -0.111863098568524     
   5.92740833333333        5.03859708333333      -0.110502712928513     
   5.92740833333333        5.33486750000000      -0.109827968685276     
   5.92740833333333        5.63113791666667      -0.109990875476075     
   5.92740833333333        5.92740833333333      -0.111052316027368     
   5.92740833333333        6.22367875000000      -0.112882811296310     
   5.92740833333333        6.51994916666667      -0.115009395091526     
   5.92740833333333        6.81621958333333      -0.116419004772987     
   5.92740833333333        7.11249000000000      -0.115780492007876     
   6.22367875000000       2.000000000000000E-003 -0.180097215209619     
   6.22367875000000       0.298270416666667      -0.177334130734266     
   6.22367875000000       0.594540833333333      -0.170235731911812     
   6.22367875000000       0.890811250000000      -0.161421580492506     
   6.22367875000000        1.18708166666667      -0.152953906247654     
   6.22367875000000        1.48335208333333      -0.145594904920805     
   6.22367875000000        1.77962250000000      -0.139397948466413     
   6.22367875000000        2.07589291666667      -0.134216644870935     
   6.22367875000000        2.37216333333333      -0.129868446505277     
   6.22367875000000        2.66843375000000      -0.126187245218564     
   6.22367875000000        2.96470416666667      -0.122993753034218     
   6.22367875000000        3.26097458333333      -0.120102498703612     
   6.22367875000000        3.55724500000000      -0.117381248340247     
   6.22367875000000        3.85351541666667      -0.114798913690084     
   6.22367875000000        4.14978583333333      -0.112435640827523     
   6.22367875000000        4.44605625000000      -0.110453110855208     
   6.22367875000000        4.74232666666667      -0.109042325611640     
   6.22367875000000        5.03859708333333      -0.108372956944159     
   6.22367875000000        5.33486750000000      -0.108628153612734     
   6.22367875000000        5.63113791666667      -0.110073991746878     
   6.22367875000000        5.92740833333333      -0.112882791972976     
   6.22367875000000        6.22367875000000      -0.117044400137158     
   6.22367875000000        6.51994916666667      -0.121983152789661     
   6.22367875000000        6.81621958333333      -0.126023317431648     
   6.22367875000000        7.11249000000000      -0.126583738790069     
   6.51994916666667       2.000000000000000E-003 -0.188548912090049     
   6.51994916666667       0.298270416666667      -0.184467246311535     
   6.51994916666667       0.594540833333333      -0.173854143122500     
   6.51994916666667       0.890811250000000      -0.161471238970169     
   6.51994916666667        1.18708166666667      -0.150597369786395     
   6.51994916666667        1.48335208333333      -0.141894760756030     
   6.51994916666667        1.77962250000000      -0.135023811427706     
   6.51994916666667        2.07589291666667      -0.129558332877323     
   6.51994916666667        2.37216333333333      -0.125163298920492     
   6.51994916666667        2.66843375000000      -0.121560048240738     
   6.51994916666667        2.96470416666667      -0.118534903149028     
   6.51994916666667        3.26097458333333      -0.115870893826927     
   6.51994916666667        3.55724500000000      -0.113407864399837     
   6.51994916666667        3.85351541666667      -0.111101906983989     
   6.51994916666667        4.14978583333333      -0.109043547654383     
   6.51994916666667        4.44605625000000      -0.107423655498655     
   6.51994916666667        4.74232666666667      -0.106471384679195     
   6.51994916666667        5.03859708333333      -0.106403072194557     
   6.51994916666667        5.33486750000000      -0.107546404059073     
   6.51994916666667        5.63113791666667      -0.110279878927283     
   6.51994916666667        5.92740833333333      -0.115009378194620     
   6.51994916666667        6.22367875000000      -0.121983139260742     
   6.51994916666667        6.51994916666667      -0.130475357987506     
   6.51994916666667        6.81621958333333      -0.137740065858046     
   6.51994916666667        7.11249000000000      -0.139673130760130     
   6.81621958333333       2.000000000000000E-003 -0.192776580007120     
   6.81621958333333       0.298270416666667      -0.188350113191898     
   6.81621958333333       0.594540833333333      -0.175572240485624     
   6.81621958333333       0.890811250000000      -0.160389765556996     
   6.81621958333333        1.18708166666667      -0.147631776352052     
   6.81621958333333        1.48335208333333      -0.137947361182203     
   6.81621958333333        1.77962250000000      -0.130639903455861     
   6.81621958333333        2.07589291666667      -0.125043829248397     
   6.81621958333333        2.37216333333333      -0.120688504724875     
   6.81621958333333        2.66843375000000      -0.117208814114083     
   6.81621958333333        2.96470416666667      -0.114361214179466     
   6.81621958333333        3.26097458333333      -0.111910773368691     
   6.81621958333333        3.55724500000000      -0.109681441537710     
   6.81621958333333        3.85351541666667      -0.107622021016426     
   6.81621958333333        4.14978583333333      -0.105829300893336     
   6.81621958333333        4.44605625000000      -0.104513220471967     
   6.81621958333333        4.74232666666667      -0.103932481773409     
   6.81621958333333        5.03859708333333      -0.104360394068463     
   6.81621958333333        5.33486750000000      -0.106214300355639     
   6.81621958333333        5.63113791666667      -0.110009295639664     
   6.81621958333333        5.92740833333333      -0.116419034785035     
   6.81621958333333        6.22367875000000      -0.126023326339156     
   6.81621958333333        6.51994916666667      -0.137740055860758     
   6.81621958333333        6.81621958333333      -0.146468081858467     
   6.81621958333333        7.11249000000000      -0.148519753779047     
   7.11249000000000       2.000000000000000E-003 -0.191028065211282     
   7.11249000000000       0.298270416666667      -0.184876403011900     
   7.11249000000000       0.594540833333333      -0.172321381823318     
   7.11249000000000       0.890811250000000      -0.156541273407636     
   7.11249000000000        1.18708166666667      -0.143225759038763     
   7.11249000000000        1.48335208333333      -0.133292735489338     
   7.11249000000000        1.77962250000000      -0.125945711569329     
   7.11249000000000        2.07589291666667      -0.120424124568692     
   7.11249000000000        2.37216333333333      -0.116220482079056     
   7.11249000000000        2.66843375000000      -0.112917356817148     
   7.11249000000000        2.96470416666667      -0.110264777290287     
   7.11249000000000        3.26097458333333      -0.108024056197636     
   7.11249000000000        3.55724500000000      -0.106014320438955     
   7.11249000000000        3.85351541666667      -0.104180910491976     
   7.11249000000000        4.14978583333333      -0.102621502071260     
   7.11249000000000        4.44605625000000      -0.101552130966193     
   7.11249000000000        4.74232666666667      -0.101244448791195     
   7.11249000000000        5.03859708333333      -0.101998511558269     
   7.11249000000000        5.33486750000000      -0.104260281769666     
   7.11249000000000        5.63113791666667      -0.108588558829853     
   7.11249000000000        5.92740833333333      -0.115780593896288     
   7.11249000000000        6.22367875000000      -0.126583816927555     
   7.11249000000000        6.51994916666667      -0.139673170643720     
   7.11249000000000        6.81621958333333      -0.148519761713886     
   7.11249000000000        7.11249000000000      -0.151615664443084     
