  2.000000000000000E-003  2.000000000000000E-003 -0.226291023268070     
  2.000000000000000E-003  0.298270416666667      -0.237476748001488     
  2.000000000000000E-003  0.594540833333333      -0.241521536857473     
  2.000000000000000E-003  0.890811250000000      -0.240399552213992     
  2.000000000000000E-003   1.18708166666667      -0.237997704680365     
  2.000000000000000E-003   1.48335208333333      -0.235414583234764     
  2.000000000000000E-003   1.77962250000000      -0.232747509040424     
  2.000000000000000E-003   2.07589291666667      -0.229851227493327     
  2.000000000000000E-003   2.37216333333333      -0.226527581970843     
  2.000000000000000E-003   2.66843375000000      -0.222607543391392     
  2.000000000000000E-003   2.96470416666667      -0.217832788052086     
  2.000000000000000E-003   3.26097458333333      -0.212076420542003     
  2.000000000000000E-003   3.55724500000000      -0.205349050798587     
  2.000000000000000E-003   3.85351541666667      -0.197817191573316     
  2.000000000000000E-003   4.14978583333333      -0.189806191099852     
  2.000000000000000E-003   4.44605625000000      -0.181726378123424     
  2.000000000000000E-003   4.74232666666667      -0.173975832571256     
  2.000000000000000E-003   5.03859708333333      -0.166875395016932     
  2.000000000000000E-003   5.33486750000000      -0.160677362284945     
  2.000000000000000E-003   5.63113791666667      -0.155549651252579     
  2.000000000000000E-003   5.92740833333333      -0.151580608285668     
  2.000000000000000E-003   6.22367875000000      -0.148629256340021     
  2.000000000000000E-003   6.51994916666667      -0.145805522295883     
  2.000000000000000E-003   6.81621958333333      -0.140505527507108     
  2.000000000000000E-003   7.11249000000000      -0.132695271302817     
  0.298270416666667       2.000000000000000E-003 -0.245539779343619     
  0.298270416666667       0.298270416666667      -0.248395722350499     
  0.298270416666667       0.594540833333333      -0.252058468882993     
  0.298270416666667       0.890811250000000      -0.254357845720366     
  0.298270416666667        1.18708166666667      -0.254729967888833     
  0.298270416666667        1.48335208333333      -0.253929958868613     
  0.298270416666667        1.77962250000000      -0.252259594734066     
  0.298270416666667        2.07589291666667      -0.249736659801911     
  0.298270416666667        2.37216333333333      -0.246289463601103     
  0.298270416666667        2.66843375000000      -0.241753839951776     
  0.298270416666667        2.96470416666667      -0.235947670951279     
  0.298270416666667        3.26097458333333      -0.228850574535851     
  0.298270416666667        3.55724500000000      -0.220601813757024     
  0.298270416666667        3.85351541666667      -0.211498672756912     
  0.298270416666667        4.14978583333333      -0.201968673852940     
  0.298270416666667        4.44605625000000      -0.192482709094598     
  0.298270416666667        4.74232666666667      -0.183459297950253     
  0.298270416666667        5.03859708333333      -0.175209253651625     
  0.298270416666667        5.33486750000000      -0.167887394132827     
  0.298270416666667        5.63113791666667      -0.161600851780096     
  0.298270416666667        5.92740833333333      -0.156403109220110     
  0.298270416666667        6.22367875000000      -0.152141123701734     
  0.298270416666667        6.51994916666667      -0.148165189317015     
  0.298270416666667        6.81621958333333      -0.143071322985111     
  0.298270416666667        7.11249000000000      -0.135723758960050     
  0.594540833333333       2.000000000000000E-003 -0.260463986305619     
  0.594540833333333       0.298270416666667      -0.265603218960208     
  0.594540833333333       0.594540833333333      -0.267247934951711     
  0.594540833333333       0.890811250000000      -0.270791053907813     
  0.594540833333333        1.18708166666667      -0.273769957220420     
  0.594540833333333        1.48335208333333      -0.275121906280876     
  0.594540833333333        1.77962250000000      -0.274752086913773     
  0.594540833333333        2.07589291666667      -0.272741153323237     
  0.594540833333333        2.37216333333333      -0.269125915813306     
  0.594540833333333        2.66843375000000      -0.263778462019003     
  0.594540833333333        2.96470416666667      -0.256633062046997     
  0.594540833333333        3.26097458333333      -0.247816397477082     
  0.594540833333333        3.55724500000000      -0.237637610792981     
  0.594540833333333        3.85351541666667      -0.226570256793210     
  0.594540833333333        4.14978583333333      -0.215181372271831     
  0.594540833333333        4.44605625000000      -0.204014119436173     
  0.594540833333333        4.74232666666667      -0.193491004768858     
  0.594540833333333        5.03859708333333      -0.183887365446158     
  0.594540833333333        5.33486750000000      -0.175275534236488     
  0.594540833333333        5.63113791666667      -0.167692776935450     
  0.594540833333333        5.92740833333333      -0.161222358493891     
  0.594540833333333        6.22367875000000      -0.155804668605580     
  0.594540833333333        6.51994916666667      -0.150888414838258     
  0.594540833333333        6.81621958333333      -0.144709668055832     
  0.594540833333333        7.11249000000000      -0.136237279499776     
  0.890811250000000       2.000000000000000E-003 -0.272587300948138     
  0.890811250000000       0.298270416666667      -0.281893359067195     
  0.890811250000000       0.594540833333333      -0.287149098811489     
  0.890811250000000       0.890811250000000      -0.292565227578761     
  0.890811250000000        1.18708166666667      -0.297568356440537     
  0.890811250000000        1.48335208333333      -0.300763321972491     
  0.890811250000000        1.77962250000000      -0.301557950611890     
  0.890811250000000        2.07589291666667      -0.299940716153097     
  0.890811250000000        2.37216333333333      -0.295943568453451     
  0.890811250000000        2.66843375000000      -0.289462838019980     
  0.890811250000000        2.96470416666667      -0.280585599256994     
  0.890811250000000        3.26097458333333      -0.269597977772678     
  0.890811250000000        3.55724500000000      -0.256994375720952     
  0.890811250000000        3.85351541666667      -0.243473110102485     
  0.890811250000000        4.14978583333333      -0.229807332390346     
  0.890811250000000        4.44605625000000      -0.216639469517200     
  0.890811250000000        4.74232666666667      -0.204364222749848     
  0.890811250000000        5.03859708333333      -0.193165077352701     
  0.890811250000000        5.33486750000000      -0.183071758098476     
  0.890811250000000        5.63113791666667      -0.174032654141399     
  0.890811250000000        5.92740833333333      -0.166154846278883     
  0.890811250000000        6.22367875000000      -0.159404029999249     
  0.890811250000000        6.51994916666667      -0.153210316644690     
  0.890811250000000        6.81621958333333      -0.146289569414295     
  0.890811250000000        7.11249000000000      -0.138517796336701     
   1.18708166666667       2.000000000000000E-003 -0.285323705490645     
   1.18708166666667       0.298270416666667      -0.298825851386487     
   1.18708166666667       0.594540833333333      -0.309485038379867     
   1.18708166666667       0.890811250000000      -0.318852783000066     
   1.18708166666667        1.18708166666667      -0.326688280865359     
   1.18708166666667        1.48335208333333      -0.331922386386423     
   1.18708166666667        1.77962250000000      -0.333921256611863     
   1.18708166666667        2.07589291666667      -0.332622133730307     
   1.18708166666667        2.37216333333333      -0.327957914196717     
   1.18708166666667        2.66843375000000      -0.319951921832613     
   1.18708166666667        2.96470416666667      -0.308887639690781     
   1.18708166666667        3.26097458333333      -0.295181617543533     
   1.18708166666667        3.55724500000000      -0.279478799320338     
   1.18708166666667        3.85351541666667      -0.262792503008987     
   1.18708166666667        4.14978583333333      -0.246273205774451     
   1.18708166666667        4.44605625000000      -0.230725541412478     
   1.18708166666667        4.74232666666667      -0.216433819945851     
   1.18708166666667        5.03859708333333      -0.203382010009073     
   1.18708166666667        5.33486750000000      -0.191518447436326     
   1.18708166666667        5.63113791666667      -0.180780089976388     
   1.18708166666667        5.92740833333333      -0.171270364565056     
   1.18708166666667        6.22367875000000      -0.163018077703666     
   1.18708166666667        6.51994916666667      -0.155637557512548     
   1.18708166666667        6.81621958333333      -0.148400266427829     
   1.18708166666667        7.11249000000000      -0.141144278709008     
   1.48335208333333       2.000000000000000E-003 -0.299891788933652     
   1.48335208333333       0.298270416666667      -0.318078466178419     
   1.48335208333333       0.594540833333333      -0.334639011472609     
   1.48335208333333       0.890811250000000      -0.349333623698293     
   1.48335208333333        1.18708166666667      -0.361245348646017     
   1.48335208333333        1.48335208333333      -0.369344418674774     
   1.48335208333333        1.77962250000000      -0.373134998014677     
   1.48335208333333        2.07589291666667      -0.372360528032935     
   1.48335208333333        2.37216333333333      -0.366849961451710     
   1.48335208333333        2.66843375000000      -0.356928730656710     
   1.48335208333333        2.96470416666667      -0.343183942942364     
   1.48335208333333        3.26097458333333      -0.326005364002088     
   1.48335208333333        3.55724500000000      -0.306222598288508     
   1.48335208333333        3.85351541666667      -0.285232958687002     
   1.48335208333333        4.14978583333333      -0.264889755861182     
   1.48335208333333        4.44605625000000      -0.246556002088057     
   1.48335208333333        4.74232666666667      -0.230047889060508     
   1.48335208333333        5.03859708333333      -0.214891382087684     
   1.48335208333333        5.33486750000000      -0.200887830116685     
   1.48335208333333        5.63113791666667      -0.188109742703160     
   1.48335208333333        5.92740833333333      -0.176707007860706     
   1.48335208333333        6.22367875000000      -0.166842008316998     
   1.48335208333333        6.51994916666667      -0.158329974334926     
   1.48335208333333        6.81621958333333      -0.150688699756570     
   1.48335208333333        7.11249000000000      -0.143531461000536     
   1.77962250000000       2.000000000000000E-003 -0.316514295037135     
   1.77962250000000       0.298270416666667      -0.340106545532420     
   1.77962250000000       0.594540833333333      -0.363146929470821     
   1.77962250000000       0.890811250000000      -0.384161142467491     
   1.77962250000000        1.18708166666667      -0.401508490363645     
   1.77962250000000        1.48335208333333      -0.413961414008082     
   1.77962250000000        1.77962250000000      -0.420835679413735     
   1.77962250000000        2.07589291666667      -0.421399911119904     
   1.77962250000000        2.37216333333333      -0.415198073228792     
   1.77962250000000        2.66843375000000      -0.402307613603956     
   1.77962250000000        2.96470416666667      -0.384466853068743     
   1.77962250000000        3.26097458333333      -0.363103739186911     
   1.77962250000000        3.55724500000000      -0.338760663053139     
   1.77962250000000        3.85351541666667      -0.312678234113159     
   1.77962250000000        4.14978583333333      -0.287458607896789     
   1.77962250000000        4.44605625000000      -0.265113938707486     
   1.77962250000000        4.74232666666667      -0.245694008521363     
   1.77962250000000        5.03859708333333      -0.228093412966271     
   1.77962250000000        5.33486750000000      -0.211476959282906     
   1.77962250000000        5.63113791666667      -0.196150497137867     
   1.77962250000000        5.92740833333333      -0.182538653153969     
   1.77962250000000        6.22367875000000      -0.170913689178503     
   1.77962250000000        6.51994916666667      -0.161223308537818     
   1.77962250000000        6.81621958333333      -0.153037319441360     
   1.77962250000000        7.11249000000000      -0.145772883788803     
   2.07589291666667       2.000000000000000E-003 -0.334923414354682     
   2.07589291666667       0.298270416666667      -0.364597324292406     
   2.07589291666667       0.594540833333333      -0.394874800937507     
   2.07589291666667       0.890811250000000      -0.423264332165520     
   2.07589291666667        1.18708166666667      -0.447642900865073     
   2.07589291666667        1.48335208333333      -0.466504910394235     
   2.07589291666667        1.77962250000000      -0.478971243779847     
   2.07589291666667        2.07589291666667      -0.483214662886657     
   2.07589291666667        2.37216333333333      -0.475583883415049     
   2.07589291666667        2.66843375000000      -0.457865615870537     
   2.07589291666667        2.96470416666667      -0.434518847267415     
   2.07589291666667        3.26097458333333      -0.408690927640009     
   2.07589291666667        3.55724500000000      -0.379585017397829     
   2.07589291666667        3.85351541666667      -0.347135153052371     
   2.07589291666667        4.14978583333333      -0.315719239031680     
   2.07589291666667        4.44605625000000      -0.288711234430646     
   2.07589291666667        4.74232666666667      -0.265322082006355     
   2.07589291666667        5.03859708333333      -0.243727279808675     
   2.07589291666667        5.33486750000000      -0.223497237123503     
   2.07589291666667        5.63113791666667      -0.204961569439984     
   2.07589291666667        5.92740833333333      -0.188716345524314     
   2.07589291666667        6.22367875000000      -0.175135965279631     
   2.07589291666667        6.51994916666667      -0.164190553319691     
   2.07589291666667        6.81621958333333      -0.155392610809584     
   2.07589291666667        7.11249000000000      -0.147965713426224     
   2.37216333333333       2.000000000000000E-003 -0.354545301344922     
   2.37216333333333       0.298270416666667      -0.390931763300540     
   2.37216333333333       0.594540833333333      -0.428967464955088     
   2.37216333333333       0.890811250000000      -0.465565178007495     
   2.37216333333333        1.18708166666667      -0.498279678539781     
   2.37216333333333        1.48335208333333      -0.526391067545780     
   2.37216333333333        1.77962250000000      -0.549788272187049     
   2.37216333333333        2.07589291666667      -0.559213530259033     
   2.37216333333333        2.37216333333333      -0.550389529221074     
   2.37216333333333        2.66843375000000      -0.526259580403185     
   2.37216333333333        2.96470416666667      -0.495218160819966     
   2.37216333333333        3.26097458333333      -0.465127176001740     
   2.37216333333333        3.55724500000000      -0.431703340208729     
   2.37216333333333        3.85351541666667      -0.390291060623650     
   2.37216333333333        4.14978583333333      -0.350891184365833     
   2.37216333333333        4.44605625000000      -0.319272055849791     
   2.37216333333333        4.74232666666667      -0.291005686353888     
   2.37216333333333        5.03859708333333      -0.263213551440510     
   2.37216333333333        5.33486750000000      -0.237013219930417     
   2.37216333333333        5.63113791666667      -0.214303511287882     
   2.37216333333333        5.92740833333333      -0.195029439058073     
   2.37216333333333        6.22367875000000      -0.179334446639023     
   2.37216333333333        6.51994916666667      -0.167090102111322     
   2.37216333333333        6.81621958333333      -0.157672177713720     
   2.37216333333333        7.11249000000000      -0.150103343944270     
   2.66843375000000       2.000000000000000E-003 -0.374000610130248     
   2.66843375000000       0.298270416666667      -0.416960864483146     
   2.66843375000000       0.594540833333333      -0.462469915074394     
   2.66843375000000       0.890811250000000      -0.507171869457940     
   2.66843375000000        1.18708166666667      -0.549400401707073     
   2.66843375000000        1.48335208333333      -0.591040631864606     
   2.66843375000000        1.77962250000000      -0.628947044583583     
   2.66843375000000        2.07589291666667      -0.647093459149102     
   2.66843375000000        2.37216333333333      -0.640610768989422     
   2.66843375000000        2.66843375000000      -0.609840004755695     
   2.66843375000000        2.96470416666667      -0.566672738004746     
   2.66843375000000        3.26097458333333      -0.531974224007946     
   2.66843375000000        3.55724500000000      -0.497000558017333     
   2.66843375000000        3.85351541666667      -0.442431517558117     
   2.66843375000000        4.14978583333333      -0.395792724692830     
   2.66843375000000        4.44605625000000      -0.361749865718089     
   2.66843375000000        4.74232666666667      -0.326014630391564     
   2.66843375000000        5.03859708333333      -0.287679332175438     
   2.66843375000000        5.33486750000000      -0.252112718528949     
   2.66843375000000        5.63113791666667      -0.223502191234477     
   2.66843375000000        5.92740833333333      -0.201029252583531     
   2.66843375000000        6.22367875000000      -0.183238886629423     
   2.66843375000000        6.51994916666667      -0.169751393193732     
   2.66843375000000        6.81621958333333      -0.159770314529432     
   2.66843375000000        7.11249000000000      -0.152106176052384     
   2.96470416666667       2.000000000000000E-003 -0.390480344070273     
   2.96470416666667       0.298270416666667      -0.438991308230455     
   2.96470416666667       0.594540833333333      -0.490830841048684     
   2.96470416666667       0.890811250000000      -0.542813634447644     
   2.96470416666667        1.18708166666667      -0.594917887465881     
   2.96470416666667        1.48335208333333      -0.653589515296712     
   2.96470416666667        1.77962250000000      -0.705653671714277     
   2.96470416666667        2.07589291666667      -0.737220214003648     
   2.96470416666667        2.37216333333333      -0.741228695903115     
   2.96470416666667        2.66843375000000      -0.709934326882228     
   2.96470416666667        2.96470416666667      -0.649638519515261     
   2.96470416666667        3.26097458333333      -0.600647269409214     
   2.96470416666667        3.55724500000000      -0.568521046464786     
   2.96470416666667        3.85351541666667      -0.502023097200556     
   2.96470416666667        4.14978583333333      -0.462877364227569     
   2.96470416666667        4.44605625000000      -0.426676699772793     
   2.96470416666667        4.74232666666667      -0.373280691155766     
   2.96470416666667        5.03859708333333      -0.316451257671300     
   2.96470416666667        5.33486750000000      -0.267735604569821     
   2.96470416666667        5.63113791666667      -0.231421380037317     
   2.96470416666667        5.92740833333333      -0.206053602300394     
   2.96470416666667        6.22367875000000      -0.186471416206354     
   2.96470416666667        6.51994916666667      -0.171944912957937     
   2.96470416666667        6.81621958333333      -0.161504345607801     
   2.96470416666667        7.11249000000000      -0.153776691387474     
   3.26097458333333       2.000000000000000E-003 -0.401541670866484     
   3.26097458333333       0.298270416666667      -0.453758866822521     
   3.26097458333333       0.594540833333333      -0.509875415480872     
   3.26097458333333       0.890811250000000      -0.567074385429525     
   3.26097458333333        1.18708166666667      -0.627109773121542     
   3.26097458333333        1.48335208333333      -0.698691562750571     
   3.26097458333333        1.77962250000000      -0.763851717973234     
   3.26097458333333        2.07589291666667      -0.809932235843017     
   3.26097458333333        2.37216333333333      -0.830808764093294     
   3.26097458333333        2.66843375000000      -0.814851828278325     
   3.26097458333333        2.96470416666667      -0.754940212716464     
   3.26097458333333        3.26097458333333      -0.671866236823902     
   3.26097458333333        3.55724500000000      -0.616662292699277     
   3.26097458333333        3.85351541666667      -0.588077658875187     
   3.26097458333333        4.14978583333333      -0.580234663274717     
   3.26097458333333        4.44605625000000      -0.514172868263268     
   3.26097458333333        4.74232666666667      -0.424100470502559     
   3.26097458333333        5.03859708333333      -0.342922638147850     
   3.26097458333333        5.33486750000000      -0.280524963378628     
   3.26097458333333        5.63113791666667      -0.237246777773195     
   3.26097458333333        5.92740833333333      -0.209401129982543     
   3.26097458333333        6.22367875000000      -0.188623421230570     
   3.26097458333333        6.51994916666667      -0.173407147045857     
   3.26097458333333        6.81621958333333      -0.162663271070819     
   3.26097458333333        7.11249000000000      -0.154896761507026     
   3.55724500000000       2.000000000000000E-003 -0.405452923048456     
   3.55724500000000       0.298270416666667      -0.458965304912162     
   3.55724500000000       0.594540833333333      -0.516589727472188     
   3.55724500000000       0.890811250000000      -0.575700717920426     
   3.55724500000000        1.18708166666667      -0.638833996339078     
   3.55724500000000        1.48335208333333      -0.715793030342571     
   3.55724500000000        1.77962250000000      -0.784980926473133     
   3.55724500000000        2.07589291666667      -0.838218325577153     
   3.55724500000000        2.37216333333333      -0.868567663311499     
   3.55724500000000        2.66843375000000      -0.867181710065184     
   3.55724500000000        2.96470416666667      -0.829642299622854     
   3.55724500000000        3.26097458333333      -0.759062708315149     
   3.55724500000000        3.55724500000000      -0.626349548499772     
   3.55724500000000        3.85351541666667      -0.687500390855216     
   3.55724500000000        4.14978583333333      -0.672361563232465     
   3.55724500000000        4.44605625000000      -0.563918067149093     
   3.55724500000000        4.74232666666667      -0.448087994377319     
   3.55724500000000        5.03859708333333      -0.354193925834077     
   3.55724500000000        5.33486750000000      -0.285627973625944     
   3.55724500000000        5.63113791666667      -0.239381679763258     
   3.55724500000000        5.92740833333333      -0.210576186031905     
   3.55724500000000        6.22367875000000      -0.189382974360744     
   3.55724500000000        6.51994916666667      -0.173925965271359     
   3.55724500000000        6.81621958333333      -0.163075936197973     
   3.55724500000000        7.11249000000000      -0.155295824076676     
   3.85351541666667       2.000000000000000E-003 -0.401533981624645     
   3.85351541666667       0.298270416666667      -0.453748600351833     
   3.85351541666667       0.594540833333333      -0.509862771511687     
   3.85351541666667       0.890811250000000      -0.567059326313473     
   3.85351541666667        1.18708166666667      -0.627091286189329     
   3.85351541666667        1.48335208333333      -0.698666174944683     
   3.85351541666667        1.77962250000000      -0.763814163991152     
   3.85351541666667        2.07589291666667      -0.809874380713572     
   3.85351541666667        2.37216333333333      -0.830717100229145     
   3.85351541666667        2.66843375000000      -0.814708466770154     
   3.85351541666667        2.96470416666667      -0.754745328275961     
   3.85351541666667        3.26097458333333      -0.671715438818035     
   3.85351541666667        3.55724500000000      -0.616594758179117     
   3.85351541666667        3.85351541666667      -0.588173102099438     
   3.85351541666667        4.14978583333333      -0.580457012128363     
   3.85351541666667        4.44605625000000      -0.514330962687738     
   3.85351541666667        4.74232666666667      -0.424184492884151     
   3.85351541666667        5.03859708333333      -0.342962109791082     
   3.85351541666667        5.33486750000000      -0.280542645846584     
   3.85351541666667        5.63113791666667      -0.237256515153343     
   3.85351541666667        5.92740833333333      -0.209410145891156     
   3.85351541666667        6.22367875000000      -0.188633890123827     
   3.85351541666667        6.51994916666667      -0.173419777804713     
   3.85351541666667        6.81621958333333      -0.162677711679067     
   3.85351541666667        7.11249000000000      -0.154911767266217     
   4.14978583333333       2.000000000000000E-003 -0.390466550303680     
   4.14978583333333       0.298270416666667      -0.438972499375767     
   4.14978583333333       0.594540833333333      -0.490807511078759     
   4.14978583333333       0.890811250000000      -0.542786045511373     
   4.14978583333333        1.18708166666667      -0.594884958134829     
   4.14978583333333        1.48335208333333      -0.653546617440704     
   4.14978583333333        1.77962250000000      -0.705593952699300     
   4.14978583333333        2.07589291666667      -0.737135906587388     
   4.14978583333333        2.37216333333333      -0.741111226853884     
   4.14978583333333        2.66843375000000      -0.709785986319270     
   4.14978583333333        2.96470416666667      -0.649494168489310     
   4.14978583333333        3.26097458333333      -0.600552774633388     
   4.14978583333333        3.55724500000000      -0.568403942950447     
   4.14978583333333        3.85351541666667      -0.501982098292951     
   4.14978583333333        4.14978583333333      -0.463000981653118     
   4.14978583333333        4.44605625000000      -0.426823213729136     
   4.14978583333333        4.74232666666667      -0.373380120309270     
   4.14978583333333        5.03859708333333      -0.316505755127902     
   4.14978583333333        5.33486750000000      -0.267763910407805     
   4.14978583333333        5.63113791666667      -0.231440066350820     
   4.14978583333333        5.92740833333333      -0.206072257796145     
   4.14978583333333        6.22367875000000      -0.186492890043318     
   4.14978583333333        6.51994916666667      -0.171970201696276     
   4.14978583333333        6.81621958333333      -0.161532433097687     
   4.14978583333333        7.11249000000000      -0.153805135583003     
   4.44605625000000       2.000000000000000E-003 -0.373983772502218     
   4.44605625000000       0.298270416666667      -0.416936469151372     
   4.44605625000000       0.594540833333333      -0.462438988067050     
   4.44605625000000       0.890811250000000      -0.507135567808270     
   4.44605625000000        1.18708166666667      -0.549358719508523     
   4.44605625000000        1.48335208333333      -0.590990717375261     
   4.44605625000000        1.77962250000000      -0.628883458871987     
   4.44605625000000        2.07589291666667      -0.647014119649378     
   4.44605625000000        2.37216333333333      -0.640518784113210     
   4.44605625000000        2.66843375000000      -0.609750769138954     
   4.44605625000000        2.96470416666667      -0.566611809383659     
   4.44605625000000        3.26097458333333      -0.531936765635376     
   4.44605625000000        3.55724500000000      -0.496938352372378     
   4.44605625000000        3.85351541666667      -0.442387074642850     
   4.44605625000000        4.14978583333333      -0.395831532297281     
   4.44605625000000        4.44605625000000      -0.361832666229787     
   4.44605625000000        4.74232666666667      -0.326089212938160     
   4.44605625000000        5.03859708333333      -0.287729991574483     
   4.44605625000000        5.33486750000000      -0.252146028921116     
   4.44605625000000        5.63113791666667      -0.223530283220658     
   4.44605625000000        5.92740833333333      -0.201058736902072     
   4.44605625000000        6.22367875000000      -0.183272517683186     
   4.44605625000000        6.51994916666667      -0.169789543349880     
   4.44605625000000        6.81621958333333      -0.159810811616301     
   4.44605625000000        7.11249000000000      -0.152145220480854     
   4.74232666666667       2.000000000000000E-003 -0.354530075498715     
   4.74232666666667       0.298270416666667      -0.390905615520572     
   4.74232666666667       0.594540833333333      -0.428932213692498     
   4.74232666666667       0.890811250000000      -0.465523696076839     
   4.74232666666667        1.18708166666667      -0.498233983733503     
   4.74232666666667        1.48335208333333      -0.526341244561084     
   4.74232666666667        1.77962250000000      -0.549732135742512     
   4.74232666666667        2.07589291666667      -0.559153059554888     
   4.74232666666667        2.37216333333333      -0.550333037139216     
   4.74232666666667        2.66843375000000      -0.526221555924466     
   4.74232666666667        2.96470416666667      -0.495209534791525     
   4.74232666666667        3.26097458333333      -0.465135718523696     
   4.74232666666667        3.55724500000000      -0.431703645753084     
   4.74232666666667        3.85351541666667      -0.390292418835885     
   4.74232666666667        4.14978583333333      -0.350920383785177     
   4.74232666666667        4.44605625000000      -0.319324751622216     
   4.74232666666667        4.74232666666667      -0.291060512350824     
   4.74232666666667        5.03859708333333      -0.263259119937391     
   4.74232666666667        5.33486750000000      -0.237051646060369     
   4.74232666666667        5.63113791666667      -0.214341831346508     
   4.74232666666667        5.92740833333333      -0.195071377808976     
   4.74232666666667        6.22367875000000      -0.179381941841838     
   4.74232666666667        6.51994916666667      -0.167141807252989     
   4.74232666666667        6.81621958333333      -0.157723648665494     
   4.74232666666667        7.11249000000000      -0.150149070980951     
   5.03859708333333       2.000000000000000E-003 -0.334917403446193     
   5.03859708333333       0.298270416666667      -0.364574220096334     
   5.03859708333333       0.594540833333333      -0.394838011396284     
   5.03859708333333       0.890811250000000      -0.423219819287411     
   5.03859708333333        1.18708166666667      -0.447595944955870     
   5.03859708333333        1.48335208333333      -0.466458143317741     
   5.03859708333333        1.77962250000000      -0.478925767631811     
   5.03859708333333        2.07589291666667      -0.483172932792430     
   5.03859708333333        2.37216333333333      -0.475553984116365     
   5.03859708333333        2.66843375000000      -0.457857533785760     
   5.03859708333333        2.96470416666667      -0.434536932073914     
   5.03859708333333        3.26097458333333      -0.408726529040250     
   5.03859708333333        3.55724500000000      -0.379623488136008     
   5.03859708333333        3.85351541666667      -0.347173332092060     
   5.03859708333333        4.14978583333333      -0.315763231086209     
   5.03859708333333        4.44605625000000      -0.288761249454066     
   5.03859708333333        4.74232666666667      -0.265371891774453     
   5.03859708333333        5.03859708333333      -0.243773498727299     
   5.03859708333333        5.33486750000000      -0.223542631790140     
   5.03859708333333        5.63113791666667      -0.205010274071710     
   5.03859708333333        5.92740833333333      -0.188771985675388     
   5.03859708333333        6.22367875000000      -0.175199416225106     
   5.03859708333333        6.51994916666667      -0.164257368657244     
   5.03859708333333        6.81621958333333      -0.155453634242196     
   5.03859708333333        7.11249000000000      -0.148012351363982     
   5.33486750000000       2.000000000000000E-003 -0.316523103773919     
   5.33486750000000       0.298270416666667      -0.340086887911737     
   5.33486750000000       0.594540833333333      -0.363106218813746     
   5.33486750000000       0.890811250000000      -0.384112856763518     
   5.33486750000000        1.18708166666667      -0.401461731461437     
   5.33486750000000        1.48335208333333      -0.413918904450675     
   5.33486750000000        1.77962250000000      -0.420799081762633     
   5.33486750000000        2.07589291666667      -0.421371704679469     
   5.33486750000000        2.37216333333333      -0.415183457305770     
   5.33486750000000        2.66843375000000      -0.402313248364211     
   5.33486750000000        2.96470416666667      -0.384495058645911     
   5.33486750000000        3.26097458333333      -0.363149623687739     
   5.33486750000000        3.55724500000000      -0.338814870244365     
   5.33486750000000        3.85351541666667      -0.312734481964542     
   5.33486750000000        4.14978583333333      -0.287514412430786     
   5.33486750000000        4.44605625000000      -0.265167938620765     
   5.33486750000000        4.74232666666667      -0.245744855318162     
   5.33486750000000        5.03859708333333      -0.228142168032078     
   5.33486750000000        5.33486750000000      -0.211527223169529     
   5.33486750000000        5.63113791666667      -0.196207380713934     
   5.33486750000000        5.92740833333333      -0.182607216919047     
   5.33486750000000        6.22367875000000      -0.170994810112774     
   5.33486750000000        6.51994916666667      -0.161307438101933     
   5.33486750000000        6.81621958333333      -0.153106302004824     
   5.33486750000000        7.11249000000000      -0.145812108657727     
   5.63113791666667       2.000000000000000E-003 -0.299919838239802     
   5.63113791666667       0.298270416666667      -0.318056032027040     
   5.63113791666667       0.594540833333333      -0.334584878689255     
   5.63113791666667       0.890811250000000      -0.349276238768679     
   5.63113791666667        1.18708166666667      -0.361198787912496     
   5.63113791666667        1.48335208333333      -0.369308896538895     
   5.63113791666667        1.77962250000000      -0.373107257557198     
   5.63113791666667        2.07589291666667      -0.372341538925643     
   5.63113791666667        2.37216333333333      -0.366842970035746     
   5.63113791666667        2.66843375000000      -0.356938039215759     
   5.63113791666667        2.96470416666667      -0.343212040355523     
   5.63113791666667        3.26097458333333      -0.326049843000500     
   5.63113791666667        3.55724500000000      -0.306277515159748     
   5.63113791666667        3.85351541666667      -0.285291595788892     
   5.63113791666667        4.14978583333333      -0.264947350479040     
   5.63113791666667        4.44605625000000      -0.246609622016422     
   5.63113791666667        4.74232666666667      -0.230097449275123     
   5.63113791666667        5.03859708333333      -0.214938641691096     
   5.63113791666667        5.33486750000000      -0.200936770088914     
   5.63113791666667        5.63113791666667      -0.188167327575339     
   5.63113791666667        5.92740833333333      -0.176782970135053     
   5.63113791666667        6.22367875000000      -0.166939616070802     
   5.63113791666667        6.51994916666667      -0.158434309205512     
   5.63113791666667        6.81621958333333      -0.150765317995675     
   5.63113791666667        7.11249000000000      -0.143552086307588     
   5.92740833333333       2.000000000000000E-003 -0.285373440934649     
   5.92740833333333       0.298270416666667      -0.298785539042658     
   5.92740833333333       0.594540833333333      -0.309404392478031     
   5.92740833333333       0.890811250000000      -0.318786182933938     
   5.92740833333333        1.18708166666667      -0.326648698880596     
   5.92740833333333        1.48335208333333      -0.331900204787716     
   5.92740833333333        1.77962250000000      -0.333906441585241     
   5.92740833333333        2.07589291666667      -0.332612132986162     
   5.92740833333333        2.37216333333333      -0.327955914124023     
   5.92740833333333        2.66843375000000      -0.319961599734339     
   5.92740833333333        2.96470416666667      -0.308911377035226     
   5.92740833333333        3.26097458333333      -0.295218922195562     
   5.92740833333333        3.55724500000000      -0.279526258964761     
   5.92740833333333        3.85351541666667      -0.262844933467356     
   5.92740833333333        4.14978583333333      -0.246325559232998     
   5.92740833333333        4.44605625000000      -0.230774357982281     
   5.92740833333333        4.74232666666667      -0.216477554208504     
   5.92740833333333        5.03859708333333      -0.203421016810422     
   5.92740833333333        5.33486750000000      -0.191555263781824     
   5.92740833333333        5.63113791666667      -0.180824618576807     
   5.92740833333333        5.92740833333333      -0.171338443370216     
   5.92740833333333        6.22367875000000      -0.163122054222305     
   5.92740833333333        6.51994916666667      -0.155763660930598     
   5.92740833333333        6.81621958333333      -0.148488044246830     
   5.92740833333333        7.11249000000000      -0.141132607311714     
   6.22367875000000       2.000000000000000E-003 -0.272655885216549     
   6.22367875000000       0.298270416666667      -0.281807845963652     
   6.22367875000000       0.594540833333333      -0.287040189546219     
   6.22367875000000       0.890811250000000      -0.292513466028991     
   6.22367875000000        1.18708166666667      -0.297560096992168     
   6.22367875000000        1.48335208333333      -0.300769418308309     
   6.22367875000000        1.77962250000000      -0.301562994595031     
   6.22367875000000        2.07589291666667      -0.299942358758337     
   6.22367875000000        2.37216333333333      -0.295946725490588     
   6.22367875000000        2.66843375000000      -0.289472797066983     
   6.22367875000000        2.96470416666667      -0.280605702652851     
   6.22367875000000        3.26097458333333      -0.269629091470403     
   6.22367875000000        3.55724500000000      -0.257034539944061     
   6.22367875000000        3.85351541666667      -0.243518189008719     
   6.22367875000000        4.14978583333333      -0.229852436100552     
   6.22367875000000        4.44605625000000      -0.216680277879987     
   6.22367875000000        4.74232666666667      -0.204397639447479     
   6.22367875000000        5.03859708333333      -0.193188645406739     
   6.22367875000000        5.33486750000000      -0.183085149770626     
   6.22367875000000        5.63113791666667      -0.174045078828866     
   6.22367875000000        5.92740833333333      -0.166185818555383     
   6.22367875000000        6.22367875000000      -0.159482373154903     
   6.22367875000000        6.51994916666667      -0.153346556167483     
   6.22367875000000        6.81621958333333      -0.146400899760489     
   6.22367875000000        7.11249000000000      -0.138463643109457     
   6.51994916666667       2.000000000000000E-003 -0.260524629365708     
   6.51994916666667       0.298270416666667      -0.265453655474838     
   6.51994916666667       0.594540833333333      -0.267175750895529     
   6.51994916666667       0.890811250000000      -0.270824971155493     
   6.51994916666667        1.18708166666667      -0.273833236793584     
   6.51994916666667        1.48335208333333      -0.275173800933852     
   6.51994916666667        1.77962250000000      -0.274783764017220     
   6.51994916666667        2.07589291666667      -0.272757202491508     
   6.51994916666667        2.37216333333333      -0.269135434867218     
   6.51994916666667        2.66843375000000      -0.263789373544501     
   6.51994916666667        2.96470416666667      -0.256650208307363     
   6.51994916666667        3.26097458333333      -0.247841853807403     
   6.51994916666667        3.55724500000000      -0.237670522180909     
   6.51994916666667        3.85351541666667      -0.226607245331957     
   6.51994916666667        4.14978583333333      -0.215217754293932     
   6.51994916666667        4.44605625000000      -0.204045054293058     
   6.51994916666667        4.74232666666667      -0.193511837679015     
   6.51994916666667        5.03859708333333      -0.183891676808353     
   6.51994916666667        5.33486750000000      -0.175259560370471     
   6.51994916666667        5.63113791666667      -0.167658861711718     
   6.51994916666667        5.92740833333333      -0.161182475343694     
   6.51994916666667        6.22367875000000      -0.155794484835766     
   6.51994916666667        6.51994916666667      -0.150972151576806     
   6.51994916666667        6.81621958333333      -0.144860471500525     
   6.51994916666667        7.11249000000000      -0.136170359621127     
   6.81621958333333       2.000000000000000E-003 -0.245524389109184     
   6.81621958333333       0.298270416666667      -0.248312515509496     
   6.81621958333333       0.594540833333333      -0.252198066873818     
   6.81621958333333       0.890811250000000      -0.254548897523596     
   6.81621958333333        1.18708166666667      -0.254880911217373     
   6.81621958333333        1.48335208333333      -0.254028745644365     
   6.81621958333333        1.77962250000000      -0.252316850303220     
   6.81621958333333        2.07589291666667      -0.249766814785307     
   6.81621958333333        2.37216333333333      -0.246306114326688     
   6.81621958333333        2.66843375000000      -0.241767033979051     
   6.81621958333333        2.96470416666667      -0.235963421927125     
   6.81621958333333        3.26097458333333      -0.228871780698302     
   6.81621958333333        3.55724500000000      -0.220628461301349     
   6.81621958333333        3.85351541666667      -0.211528141941367     
   6.81621958333333        4.14978583333333      -0.201996760677655     
   6.81621958333333        4.44605625000000      -0.192504504583669     
   6.81621958333333        4.74232666666667      -0.183469113197375     
   6.81621958333333        5.03859708333333      -0.175198297753883     
   6.81621958333333        5.33486750000000      -0.167848311352211     
   6.81621958333333        5.63113791666667      -0.161528035412946     
   6.81621958333333        5.92740833333333      -0.156293081504489     
   6.81621958333333        6.22367875000000      -0.152005147095906     
   6.81621958333333        6.51994916666667      -0.148074314273531     
   6.81621958333333        6.81621958333333      -0.143178246935445     
   6.81621958333333        7.11249000000000      -0.135763045384984     
   7.11249000000000       2.000000000000000E-003 -0.226225410959083     
   7.11249000000000       0.298270416666667      -0.237612785482148     
   7.11249000000000       0.594540833333333      -0.241815245431025     
   7.11249000000000       0.890811250000000      -0.240661343213364     
   7.11249000000000        1.18708166666667      -0.238181717779231     
   7.11249000000000        1.48335208333333      -0.235532071930096     
   7.11249000000000        1.77962250000000      -0.232817648419488     
   7.11249000000000        2.07589291666667      -0.229891104166308     
   7.11249000000000        2.37216333333333      -0.226550988866444     
   7.11249000000000        2.66843375000000      -0.222624691692566     
   7.11249000000000        2.96470416666667      -0.217849639806652     
   7.11249000000000        3.26097458333333      -0.212096133372525     
   7.11249000000000        3.55724500000000      -0.205372145089092     
   7.11249000000000        3.85351541666667      -0.197841702998365     
   7.11249000000000        4.14978583333333      -0.189828564158199     
   7.11249000000000        4.44605625000000      -0.181742205560325     
   7.11249000000000        4.74232666666667      -0.173979581154849     
   7.11249000000000        5.03859708333333      -0.166858510602304     
   7.11249000000000        5.33486750000000      -0.160632896687490     
   7.11249000000000        5.63113791666667      -0.155470566588522     
   7.11249000000000        5.92740833333333      -0.151460318154840     
   7.11249000000000        6.22367875000000      -0.148467522225879     
   7.11249000000000        6.51994916666667      -0.145640910106508     
   7.11249000000000        6.81621958333333      -0.140468816325363     
   7.11249000000000        7.11249000000000      -0.132807167156268     
